,ref bp,holeyness,final_single,final_double,final_triple
0,29,0.503231151616,9.0,24.0,35.5
1,25,0.739809444905,22.5,6.5,8.5
2,24,0.611971830986,15.0,9.0,24.5
3,19,0.53603976802,12.0,13.5,8.0
4,29,0.590969345485,12.0,11.0,31.0
5,30,0.572866611433,17.0,5.5,28.0
6,23,0.50758077879,15.0,8.0,11.0
7,34,0.554101077051,9.0,11.5,24.0
8,29,0.662510356255,12.0,29.0,38.5
9,28,0.640969345485,10.0,18.5,58.0
10,21,0.619884009942,14.0,19.0,29.5
11,33,0.54241922121,15.5,4.0,10.0
12,22,0.541632145816,16.0,13.5,18.0
13,28,0.54125932063,9.5,24.5,5.0
14,34,0.64130074565,18.5,13.0,12.5
15,24,0.62323943662,15.0,5.0,8.0
16,26,0.65526097763,14.0,16.5,31.0
17,23,0.647307373654,12.0,17.0,27.0
18,28,0.666114333057,17.5,16.0,21.0
19,23,0.63603976802,14.0,18.0,27.5
20,28,0.681772990886,23.5,16.5,11.0
21,26,0.652526926263,17.0,16.0,24.0
22,20,0.529784589892,16.5,11.0,35.5
23,24,0.53893951947,13.5,9.5,17.5
24,23,0.424233637117,12.5,27.0,40.5
25,25,0.645608947804,18.0,5.5,9.0
26,27,0.593537696769,15.5,31.0,44.5
27,29,0.564415907208,18.0,27.5,12.5
28,22,0.700289975145,19.0,11.5,2.5
29,30,0.551284175642,17.0,9.5,11.5
30,21,0.511557580779,14.0,8.0,4.0
31,27,0.534714167357,14.5,12.0,9.5
32,23,0.480033140017,10.0,23.5,38.5
33,27,0.638690969345,24.5,11.5,8.5
34,26,0.529246064623,11.5,22.5,27.0
35,32,0.582311516156,11.0,31.5,16.5
36,28,0.655343827672,13.5,19.0,32.0
37,35,0.710273405137,14.5,33.5,50.0
38,26,0.500538525269,16.0,26.0,25.5
39,30,0.52613918807,13.0,6.0,28.5
40,26,0.631814415907,15.0,6.5,9.5
41,32,0.635542667771,12.0,17.0,64.0
42,28,0.631110190555,10.0,13.0,22.5
43,21,0.526304888152,7.5,20.5,26.5
44,27,0.565078707539,9.0,17.5,28.5
45,30,0.703976801988,17.0,12.0,8.0
46,24,0.591093620547,17.0,23.5,11.0
47,28,0.600414250207,11.5,8.5,15.5
48,27,0.51222038111,12.0,17.5,32.5
49,26,0.479743164872,13.5,11.5,51.0
50,28,0.66043910522,12.5,30.5,69.5
51,26,0.504556752278,15.5,9.5,43.0
52,27,0.501284175642,14.0,28.5,13.5
53,30,0.581441590721,9.0,45.0,70.5
54,32,0.620505385253,10.5,15.5,21.0
55,32,0.721789560895,13.0,22.0,36.0
56,29,0.610190555095,15.5,16.0,7.5
57,32,0.642336371168,16.0,20.5,36.0
58,26,0.625724937862,14.0,20.5,21.0
59,26,0.539229494615,11.0,25.0,50.0
60,22,0.562013256007,10.0,9.5,20.0
61,21,0.60463960232,12.0,10.5,27.5
62,30,0.584382767191,14.5,19.0,24.5
63,21,0.553728251864,9.0,34.0,39.5
64,26,0.602071251036,11.5,21.5,29.5
65,21,0.646934548467,17.5,10.5,5.5
66,29,0.587489643745,10.5,33.5,50.0
67,21,0.530198840099,12.5,13.5,13.0
68,32,0.530074565037,9.0,6.0,11.0
69,25,0.623777961889,17.5,21.0,10.0
70,25,0.6243993372,20.5,12.5,5.5
71,16,0.675724937862,25.0,7.0,7.5
72,27,0.601532725766,11.5,17.5,20.5
73,34,0.424109362055,7.0,26.0,62.5
74,24,0.561764705882,11.5,12.0,31.5
75,26,0.580613090307,20.5,6.0,7.5
76,24,0.521789560895,15.5,13.0,4.0
77,26,0.646975973488,12.5,16.5,30.5
78,26,0.609403479702,17.5,29.5,44.5
79,25,0.623487986744,11.5,15.5,31.0
80,33,0.665078707539,13.0,14.0,10.5
81,31,0.592750621375,14.5,14.0,76.5
82,29,0.660149130075,19.5,4.5,3.0
83,24,0.469925434963,10.5,13.5,12.5
84,26,0.587033968517,14.5,20.5,15.0
85,34,0.5942004971,13.5,10.5,27.5
86,27,0.583761391881,20.0,15.5,7.0
87,28,0.556752278376,13.0,30.0,26.0
88,30,0.625517812759,14.0,6.0,11.0
89,27,0.524937862469,15.5,16.5,28.5
90,32,0.649834299917,10.5,29.0,36.5
91,32,0.549502899751,15.5,8.5,5.5
92,24,0.457249378625,13.5,14.5,21.5
93,28,0.630405965203,15.5,29.5,32.5
94,23,0.53429991715,13.0,44.0,13.5
95,29,0.655923777962,14.5,12.5,68.0
96,21,0.514705882353,14.0,12.0,6.0
97,25,0.540389395195,17.5,11.0,16.5
98,23,0.612634631317,16.5,8.5,13.5
99,27,0.620381110191,13.0,28.0,25.5
100,29,0.670795360398,19.5,12.5,10.5
101,31,0.679867439934,16.5,14.5,16.5
102,30,0.584507042254,14.5,4.0,9.0
103,28,0.614788732394,17.0,8.5,11.0
104,29,0.478790389395,12.5,14.5,11.5
105,24,0.502858326429,12.5,21.0,42.5
106,25,0.669718309859,13.0,16.5,30.5
107,25,0.641176470588,19.5,3.0,8.0
108,33,0.489726594863,12.5,26.5,44.0
109,29,0.595028997514,11.0,19.0,36.5
110,26,0.689809444905,19.5,6.0,3.5
111,23,0.570381110191,12.0,17.0,23.0
112,29,0.602941176471,10.5,16.5,40.5
113,29,0.547307373654,10.5,27.0,46.5
114,26,0.649917149959,12.0,10.5,21.5
115,32,0.646934548467,11.0,30.5,34.0
116,29,0.611267605634,14.0,13.0,23.5
117,27,0.530778790389,13.0,24.0,26.0
118,29,0.656545153273,17.0,30.0,33.0
119,24,0.578458989229,15.0,19.5,17.0
120,34,0.755095277548,13.5,21.5,26.5
121,30,0.635128417564,14.5,15.0,8.5
122,25,0.528417564209,10.0,8.5,16.0
123,27,0.547348798674,17.0,11.5,15.5
124,23,0.607746478873,13.0,25.0,28.0
125,32,0.552112676056,11.5,26.0,57.5
126,25,0.705675227838,17.0,8.0,14.5
127,28,0.536951118476,7.5,38.0,42.0
128,26,0.753065451533,16.5,15.5,17.0
129,29,0.64652029826,24.0,3.0,1.0
130,25,0.716818558409,15.0,33.5,19.0
131,29,0.592750621375,9.5,14.0,25.0
132,30,0.594324772162,11.0,16.0,27.0
133,25,0.489063794532,16.0,15.0,25.5
134,29,0.581027340514,9.5,19.0,23.0
135,33,0.635542667771,15.0,19.5,32.0
136,24,0.463297431649,12.0,10.0,14.0
137,24,0.633927091964,16.5,19.0,8.5
138,27,0.680033140017,17.5,16.0,6.5
139,21,0.581607290804,13.5,5.5,14.0
140,29,0.549875724938,10.5,18.5,51.0
141,27,0.578666114333,21.5,7.0,0.5
142,29,0.59188069594,16.0,15.0,9.0
143,28,0.577630488815,9.5,15.5,19.5
144,28,0.492170671085,13.5,14.5,15.5
145,25,0.552941176471,18.0,16.5,14.0
146,32,0.677009113505,12.5,43.5,50.0
147,26,0.664125932063,17.0,16.5,15.5
148,21,0.668434134217,12.5,32.0,41.0
149,26,0.665451532726,11.0,19.0,35.5
150,26,0.489229494615,13.0,27.0,85.0
151,26,0.627630488815,9.5,26.0,33.0
152,30,0.658077879039,16.0,12.0,9.5
153,20,0.715327257664,14.0,38.0,35.5
154,28,0.542584921292,13.5,9.5,9.5
155,33,0.630654515327,10.5,18.0,50.0
156,23,0.653603976802,7.5,44.0,46.0
157,29,0.621748135874,12.0,28.5,30.5
158,21,0.511723280862,22.5,10.0,10.5
159,23,0.573198011599,16.5,7.0,1.5
160,24,0.720629660315,18.0,11.0,4.0
161,27,0.537903893952,10.0,32.5,50.0
162,26,0.540182270091,11.5,13.0,13.5
163,27,0.666694283347,12.5,36.0,65.0
164,32,0.534962717481,13.0,8.5,9.5
165,26,0.640513670257,13.5,24.0,34.0
166,27,0.653645401823,10.5,8.0,14.5
167,25,0.598632974316,10.5,31.5,20.5
168,24,0.568765534383,11.5,17.0,27.0
169,27,0.576263463132,12.0,11.0,11.5
170,24,0.61454018227,15.5,12.5,10.5
171,30,0.626263463132,13.5,19.0,44.5
172,20,0.55115990058,17.0,6.5,12.0
173,28,0.543454846727,18.5,8.0,10.5
174,28,0.664457332229,15.0,11.0,8.5
175,26,0.688525269263,20.0,11.0,5.0
176,27,0.561226180613,8.5,25.5,37.5
177,25,0.519345484673,11.5,16.5,17.5
178,20,0.561226180613,17.0,10.5,2.5
179,27,0.59357912179,11.5,14.0,28.5
180,21,0.587448218724,28.0,3.5,1.5
181,31,0.609776304888,9.5,14.5,44.0
182,31,0.547555923778,15.5,14.0,14.0
183,29,0.487903893952,11.5,19.5,17.0
184,25,0.549875724938,12.0,24.0,23.5
185,29,0.629577464789,14.0,16.0,29.0
186,30,0.597804473902,14.5,10.5,7.0
187,19,0.569386909693,11.5,20.0,17.5
188,29,0.685915492958,6.0,41.0,60.5
189,26,0.505633802817,19.5,2.0,4.0
190,25,0.658202154101,13.5,3.0,7.0
191,28,0.584548467274,14.0,25.5,29.0
192,24,0.663711681856,14.0,34.5,44.0
193,23,0.579370339685,13.0,25.0,55.0
194,21,0.6756006628,18.0,15.0,10.0
195,18,0.568227009114,13.0,18.0,20.5
196,24,0.613007456504,7.0,32.0,91.0
197,22,0.553189726595,10.5,13.5,74.5
198,25,0.540927920464,11.0,29.0,32.5
199,23,0.582891466446,13.5,12.5,14.0
200,30,0.53314001657,15.0,17.5,30.0
201,33,0.674855012428,23.5,7.0,1.5
202,25,0.501822700911,13.5,9.5,7.5
203,28,0.573695111848,12.5,13.0,7.0
204,28,0.615907207954,18.5,11.5,2.0
205,27,0.571789560895,17.0,15.5,10.5
206,26,0.621789560895,13.0,18.5,44.5
207,26,0.603521126761,10.5,18.5,26.0
208,29,0.560190555095,15.5,10.0,11.0
209,30,0.593744821872,21.0,3.5,5.0
210,31,0.490265120133,14.5,6.5,9.0
211,31,0.610397680199,10.5,16.5,45.5
212,29,0.62729908865,18.5,10.0,11.5
213,29,0.622410936205,16.5,20.0,21.0
214,30,0.485874067937,14.5,7.5,17.5
215,27,0.626801988401,13.5,17.5,21.0
216,29,0.577423363712,11.0,16.0,36.0
217,30,0.57323943662,12.0,20.5,54.0
218,27,0.533554266777,10.0,18.0,20.0
219,21,0.636951118476,17.5,13.0,13.0
220,27,0.589643744822,11.5,15.5,15.5
221,27,0.541756420878,13.5,11.5,24.5
222,27,0.482642916321,12.0,8.0,22.0
223,22,0.662427506214,14.5,10.5,12.0
224,30,0.541425020713,19.0,7.5,9.0
225,27,0.641093620547,13.5,23.5,66.0
226,31,0.623198011599,9.0,22.0,29.0
227,24,0.517522783761,13.0,18.5,23.0
228,21,0.642046396023,17.0,13.5,14.0
229,24,0.601946975973,11.5,21.0,44.5
230,31,0.659444904722,17.5,15.0,7.5
231,24,0.534134217067,12.0,8.0,21.0
232,31,0.631317315659,11.0,28.0,52.5
233,30,0.531690140845,15.5,17.0,15.5
234,26,0.711847555924,18.0,16.5,22.5
235,24,0.550828500414,10.5,27.5,36.0
236,28,0.544821872411,8.5,51.5,69.5
237,29,0.564995857498,9.5,5.0,8.0
238,33,0.666487158244,11.0,8.5,14.0
239,27,0.579453189727,17.0,21.0,13.0
240,26,0.521458160729,16.0,16.0,8.0
241,29,0.630115990058,11.0,29.0,23.0
242,29,0.596561723281,11.5,14.5,20.0
243,23,0.572908036454,10.5,29.0,61.5
244,31,0.625517812759,10.5,22.5,39.0
245,21,0.538608119304,17.5,14.5,8.0
246,30,0.612966031483,14.5,10.0,17.0
247,28,0.477216238608,10.0,62.5,83.0
248,28,0.508450704225,7.0,24.5,36.0
249,28,0.655095277548,12.0,31.0,28.5
250,23,0.575849212925,18.5,14.5,7.0
251,34,0.571582435791,13.5,7.5,9.0
252,31,0.588193869097,14.5,8.5,22.0
253,26,0.624482187241,12.5,11.5,9.5
254,29,0.655882352941,19.0,9.5,17.0
255,26,0.469925434963,13.0,20.5,19.5
256,27,0.661557580779,16.5,28.5,13.5
257,26,0.60695940348,13.0,17.0,24.0
258,31,0.606835128418,13.0,9.5,14.0
259,32,0.526553438277,10.0,16.0,20.5
260,25,0.595816072908,12.5,14.0,23.0
261,21,0.602858326429,20.0,10.5,2.0
262,23,0.606917978459,14.0,28.5,18.5
263,27,0.513753106877,12.5,24.0,11.0
264,25,0.559983429992,7.5,25.5,39.0
265,28,0.627547638774,15.0,17.5,24.0
266,32,0.534548467274,13.5,8.5,9.0
267,31,0.621665285833,13.0,12.5,28.0
268,29,0.648135874068,17.5,6.5,7.5
269,23,0.575973487987,11.5,32.0,27.0
270,28,0.520049710025,12.0,17.0,47.5
271,27,0.693661971831,21.0,7.0,0.5
272,26,0.62618061309,18.0,9.5,9.0
273,26,0.589436619718,22.5,7.5,2.0
274,29,0.55115990058,12.0,9.5,10.5
275,29,0.633388566694,11.5,6.0,14.0
276,28,0.585418392709,15.0,11.0,25.0
277,23,0.525476387738,17.5,7.5,1.0
278,29,0.612386081193,16.5,15.5,21.0
279,26,0.663048881524,21.5,7.5,2.0
280,23,0.551284175642,17.5,12.0,11.0
281,26,0.594324772162,10.5,10.0,63.0
282,27,0.729536039768,16.5,8.5,8.5
283,20,0.631483015742,15.5,24.0,46.0
284,32,0.619801159901,16.5,15.0,33.0
285,20,0.501946975973,13.5,8.0,16.0
286,25,0.632062966031,18.0,8.5,8.0
287,28,0.648798674399,16.5,26.5,13.5
288,28,0.627091963546,17.5,13.0,14.5
289,27,0.602278376139,17.5,10.5,10.5
290,27,0.678044739022,11.0,27.0,35.0
291,24,0.627381938691,17.5,11.0,8.5
292,32,0.600041425021,13.5,19.0,31.5
293,24,0.550372825186,10.0,34.5,48.0
294,19,0.551035625518,10.5,19.0,38.5
295,28,0.582435791218,14.0,12.5,28.5
296,24,0.609196354598,18.0,15.0,41.0
297,21,0.689892294946,12.5,9.0,7.5
298,28,0.560894780447,14.0,16.0,14.5
299,26,0.611309030655,11.0,25.5,40.0
300,22,0.598591549296,12.5,24.5,24.0
301,21,0.557787903894,13.5,25.5,42.5
302,27,0.580323115162,13.0,19.0,46.0
303,20,0.580944490472,14.0,16.0,16.0
304,32,0.596064623032,22.0,12.5,4.5
305,28,0.604225352113,14.5,7.5,32.0
306,32,0.586702568351,9.5,15.0,20.0
307,24,0.573156586578,13.0,14.5,26.0
308,31,0.747638773819,22.0,12.5,3.5
309,33,0.648177299089,18.0,9.5,4.5
310,30,0.563256006628,18.0,16.5,49.0
311,21,0.504971002486,9.5,34.0,60.0
312,31,0.585832642916,12.5,11.0,22.0
313,27,0.500414250207,11.5,10.5,15.5
314,31,0.617688483844,18.0,10.0,9.0
315,30,0.602526926263,14.5,8.5,12.5
316,31,0.61512013256,18.0,9.0,2.5
317,29,0.622825186413,16.0,28.0,27.5
318,27,0.54415907208,16.0,24.5,20.0
319,24,0.608823529412,20.0,6.0,11.0
320,25,0.584009942005,5.5,10.5,35.5
321,27,0.470256835128,13.0,21.0,29.0
322,24,0.621085335543,12.0,33.0,49.5
323,26,0.633057166529,12.5,8.5,14.0
324,26,0.621582435791,20.5,13.0,7.0
325,31,0.578956089478,12.5,15.0,15.5
326,26,0.474813587407,12.0,25.0,24.0
327,29,0.623198011599,13.0,10.5,22.5
328,27,0.674689312345,11.5,13.5,27.0
329,30,0.600621375311,12.5,44.0,44.5
330,27,0.555302402651,13.5,9.5,8.0
331,26,0.570629660315,11.5,18.0,31.0
332,27,0.519386909693,9.0,11.5,23.0
333,29,0.494407622204,16.5,7.0,4.5
334,32,0.637945318973,19.5,8.0,31.5
335,30,0.69652029826,13.5,17.5,22.5
336,32,0.611764705882,10.0,38.5,58.0
337,25,0.557083678542,9.5,31.5,30.0
338,26,0.604722452361,7.0,26.5,49.0
339,27,0.560356255178,12.5,22.0,17.5
340,21,0.618682684341,16.5,14.0,19.5
341,28,0.629826014913,16.5,10.5,9.0
342,29,0.63603976802,15.5,28.5,28.5
343,24,0.576429163215,18.0,9.5,16.5
344,27,0.54473902237,14.5,22.0,11.5
345,23,0.53893951947,12.0,5.0,2.5
346,24,0.592004971002,9.0,30.5,53.0
347,27,0.613131731566,13.5,15.5,15.5
348,32,0.577713338857,11.5,11.5,28.5
349,29,0.653852526926,18.0,10.5,7.5
350,33,0.587489643745,15.0,15.0,10.5
351,32,0.648135874068,10.5,24.0,33.0
352,30,0.696064623032,13.5,10.0,14.0
353,32,0.593454846727,14.5,14.5,76.0
354,29,0.522825186413,9.5,18.5,18.5
355,27,0.571623860812,13.5,10.5,14.0
356,24,0.649171499586,17.5,12.5,14.5
357,24,0.67091963546,13.5,33.5,26.0
358,29,0.464664457332,4.0,16.5,63.0
359,31,0.58777961889,14.0,17.0,13.5
360,31,0.538276719138,15.0,20.5,14.5
361,27,0.558657829329,16.0,8.0,27.5
362,28,0.625766362883,22.0,6.0,5.5
363,28,0.614871582436,17.5,17.0,9.5
364,35,0.411226180613,7.0,35.0,39.5
365,29,0.544324772162,13.5,17.0,19.5
366,31,0.643910521955,17.5,27.5,20.0
367,27,0.703811101906,20.0,9.5,2.5
368,27,0.635086992543,15.0,11.5,30.0
369,17,0.504183927092,12.5,17.5,10.5
370,29,0.57729908865,11.0,9.0,9.0
371,28,0.54125932063,13.0,15.5,51.0
372,26,0.59652029826,9.0,21.5,44.5
373,29,0.48956089478,10.0,29.5,38.5
374,30,0.657787903894,15.5,15.5,16.5
375,30,0.607953603977,10.0,32.0,61.0
376,31,0.602071251036,16.5,7.0,6.0
377,26,0.460521955261,9.5,16.5,18.5
378,24,0.552402651201,9.0,16.5,20.0
379,22,0.54357912179,11.0,11.5,14.0
380,22,0.60115990058,17.5,28.0,9.0
381,27,0.586412593206,17.0,12.5,12.5
382,34,0.609693454847,18.5,14.5,16.5
383,29,0.528790389395,12.5,17.5,14.5
384,29,0.658616404308,18.5,8.5,13.5
385,29,0.50637945319,13.5,5.5,12.0
386,24,0.621416735708,16.0,9.5,11.0
387,30,0.627133388567,15.0,29.5,30.5
388,28,0.520422535211,12.5,22.5,27.0
389,25,0.646685998343,17.5,15.5,7.0
390,20,0.639105219553,14.0,20.5,26.5
391,27,0.610563380282,9.5,18.0,22.0
392,23,0.558989229495,12.5,40.0,69.0
393,29,0.55695940348,15.0,10.0,16.0
394,28,0.675683512842,5.0,12.0,28.5
395,32,0.631234465617,13.5,14.0,10.0
396,28,0.563256006628,8.5,32.5,43.5
397,31,0.693869096935,24.5,4.0,1.5
398,24,0.701491300746,23.0,15.0,3.0
399,21,0.550124275062,16.0,21.0,16.5
400,29,0.669345484673,14.0,29.5,11.0
401,29,0.568351284176,17.0,9.5,9.5
402,27,0.523405136703,10.5,15.0,54.5
403,28,0.615202982601,18.0,4.0,2.5
404,24,0.568102734051,16.0,4.5,9.0
405,29,0.626056338028,19.0,4.5,5.0
406,25,0.487655343828,15.0,18.0,16.5
407,27,0.663214581607,14.0,10.5,14.5
408,29,0.70405965203,18.0,14.5,10.5
409,25,0.534465617233,15.0,8.0,9.0
410,30,0.586246893123,10.5,12.0,24.5
411,24,0.610936205468,21.5,5.5,6.0
412,24,0.626387738194,8.0,27.0,58.5
413,30,0.655923777962,12.0,12.5,52.5
414,23,0.579328914664,7.5,13.5,11.5
415,33,0.521582435791,16.0,16.5,36.5
416,29,0.490306545153,16.0,24.5,20.0
417,25,0.5570008285,12.5,40.5,32.5
418,31,0.5615990058,11.0,24.5,8.5
419,23,0.602444076222,14.5,14.5,22.0
420,27,0.491052195526,9.5,38.5,39.5
421,26,0.64188069594,16.0,11.5,7.5
422,23,0.56454018227,18.5,5.5,19.0
423,30,0.674109362055,9.5,14.5,5.5
424,28,0.523363711682,14.5,8.5,12.0
425,27,0.707290803645,20.5,6.0,2.5
426,25,0.4884009942,8.0,25.5,51.5
427,30,0.573777961889,17.5,16.5,26.5
428,31,0.626967688484,10.5,20.0,44.0
429,30,0.596271748136,16.0,18.0,11.5
430,29,0.573405136703,17.0,14.0,2.5
431,27,0.606628003314,13.0,30.5,66.0
432,24,0.564498757249,9.5,24.0,49.5
433,19,0.557870753935,15.5,12.0,11.5
434,28,0.589478044739,16.0,16.5,14.0
435,21,0.524565037283,11.0,27.5,15.0
436,26,0.512468931234,18.5,12.5,6.5
437,29,0.577506213753,5.0,19.5,39.5
438,30,0.556835128418,20.0,11.5,14.5
439,31,0.647265948633,16.0,12.0,28.5
440,29,0.530281690141,10.5,18.5,23.5
441,28,0.639022369511,17.0,5.0,19.0
442,30,0.555882352941,16.5,8.0,8.0
443,28,0.608823529412,11.0,30.5,19.0
444,20,0.485956917978,7.0,16.5,49.5
445,28,0.607166528583,16.0,6.5,21.5
446,31,0.590845070423,15.0,12.5,30.0
447,24,0.561681855841,16.5,5.5,15.5
448,25,0.607870753935,11.5,13.0,25.0
449,28,0.541135045568,19.0,13.0,7.0
450,28,0.656876553438,17.5,6.0,7.0
451,24,0.597307373654,11.0,25.5,46.5
452,30,0.61628003314,13.0,29.0,49.0
453,30,0.565617232809,15.5,4.5,11.0
454,31,0.681358740679,16.5,13.0,43.0
455,24,0.548053024027,13.5,15.5,26.5
456,29,0.614830157415,9.5,20.5,29.5
457,32,0.745857497929,18.0,14.0,19.0
458,29,0.524109362055,8.5,13.0,13.0
459,26,0.571955260978,15.5,21.5,21.5
460,23,0.664457332229,13.0,42.0,36.5
461,21,0.574730737365,13.0,12.0,13.0
462,23,0.681234465617,12.0,16.5,11.5
463,28,0.616735708368,17.5,11.0,5.0
464,25,0.599751449876,10.5,29.5,83.5
465,29,0.603065451533,16.0,13.0,11.5
466,28,0.636868268434,16.5,21.0,17.0
467,26,0.610853355427,12.0,32.5,37.5
468,25,0.610024855012,19.5,21.5,18.5
469,20,0.486495443248,15.0,11.5,14.0
470,24,0.515327257664,12.5,11.0,25.0
471,26,0.582642916321,16.0,12.5,20.0
472,31,0.559693454847,8.5,26.5,57.0
473,30,0.525973487987,9.5,19.0,26.5
474,29,0.669345484673,18.0,7.5,4.0
475,26,0.673612261806,24.5,5.0,3.5
476,25,0.544324772162,14.5,11.0,13.5
477,27,0.557663628832,12.5,28.0,28.0
478,23,0.613007456504,18.5,9.0,10.0
479,26,0.572990886495,13.0,17.5,29.0
480,25,0.414125932063,13.0,13.5,9.0
481,22,0.629784589892,13.5,25.5,23.0
482,26,0.528169014085,5.5,21.5,16.0
483,33,0.659776304888,14.5,9.0,49.5
484,20,0.561350455675,14.0,22.0,17.5
485,21,0.471541010771,15.0,15.0,10.0
486,30,0.576677713339,13.5,13.0,24.0
487,26,0.559776304888,24.5,6.5,4.5
488,30,0.571830985915,12.0,10.0,42.5
489,20,0.596147473074,10.0,21.5,32.5
490,31,0.641425020713,19.0,10.5,14.0
491,25,0.564167357084,8.0,14.5,17.5
492,27,0.523777961889,13.5,27.5,11.0
493,26,0.45347970174,17.0,15.0,5.0
494,25,0.612261806131,14.0,19.0,16.5
495,25,0.65695940348,10.5,9.0,13.0
496,34,0.693413421707,18.0,15.5,19.5
497,21,0.571251035626,13.0,9.0,34.5
498,33,0.678707539354,21.0,12.0,12.0
499,31,0.586288318144,11.0,25.5,41.5
500,31,0.596106048053,9.5,14.5,24.5
501,18,0.334797017399,6.5,6.5,21.0
502,29,0.52850041425,11.5,16.5,52.0
503,18,0.649502899751,14.5,5.0,10.0
504,21,0.464788732394,15.5,10.5,9.5
505,28,0.583222866611,15.0,15.0,25.0
506,29,0.658782104391,10.0,32.5,29.5
507,31,0.602029826015,12.5,23.0,23.0
508,24,0.536743993372,21.0,10.0,6.0
509,27,0.663214581607,13.5,8.0,10.5
510,24,0.587696768848,13.5,21.0,45.5
511,29,0.672410936205,16.5,9.0,9.5
512,25,0.626677713339,11.0,21.0,13.5
513,22,0.483802816901,8.0,29.5,59.0
514,26,0.535376967688,12.0,38.0,45.5
515,28,0.51338028169,14.0,13.5,10.5
516,31,0.596064623032,11.0,11.0,20.5
517,26,0.651201325601,7.5,28.5,49.5
518,26,0.538193869097,21.0,7.0,4.0
519,28,0.5314001657,10.0,23.5,34.0
520,32,0.59942004971,14.5,19.5,44.0
521,28,0.608243579122,7.0,9.0,107.5
522,23,0.577547638774,13.0,14.5,28.0
523,26,0.602029826015,9.0,49.5,69.0
524,27,0.6384009942,13.5,15.0,26.5
525,27,0.487489643745,9.0,12.5,22.0
526,33,0.613877381939,15.0,9.5,7.5
527,23,0.511971830986,5.0,17.0,22.5
528,25,0.655136702568,17.0,12.0,7.0
529,25,0.593164871582,11.0,8.5,17.5
530,28,0.590306545153,13.0,11.0,22.0
531,32,0.638111019056,15.5,6.5,0.5
532,30,0.409030654515,10.5,13.0,33.5
533,24,0.593123446562,12.0,13.5,7.5
534,32,0.645981772991,17.0,19.0,15.5
535,25,0.593786246893,5.5,34.0,45.5
536,27,0.574275062138,10.5,21.5,28.0
537,25,0.585749792875,7.0,23.0,57.0
538,32,0.642170671085,12.5,19.5,17.0
539,28,0.6256006628,17.5,8.0,27.0
540,17,0.540886495443,21.5,10.0,6.0
541,28,0.629577464789,13.0,27.0,24.0
542,25,0.623487986744,15.5,9.5,22.0
543,26,0.499627174814,8.0,44.0,101.0
544,30,0.562137531069,8.0,31.5,48.0
545,33,0.628334714167,13.5,15.5,47.0
546,27,0.613256006628,13.0,20.5,33.0
547,29,0.592212096106,15.0,16.5,16.5
548,21,0.577257663629,14.0,19.0,11.0
549,27,0.542212096106,16.5,17.5,16.5
550,31,0.704142502071,15.0,15.5,25.0
551,21,0.561391880696,18.5,13.0,8.5
552,27,0.662178956089,12.0,16.0,17.5
553,26,0.646851698426,15.0,8.0,23.0
554,17,0.472038111019,12.0,16.0,11.0
555,19,0.608616404308,6.0,27.5,40.0
556,30,0.578790389395,15.0,8.0,17.5
557,25,0.527009113505,19.0,8.0,15.5
558,28,0.533347141674,16.5,12.5,17.0
559,27,0.713214581607,18.5,7.0,11.5
560,28,0.621748135874,16.5,11.0,7.5
561,29,0.57497928749,8.5,41.0,59.0
562,29,0.576677713339,14.5,27.5,11.5
563,36,0.515202982601,9.0,54.0,19.0
564,24,0.591549295775,9.5,35.5,72.5
565,34,0.611350455675,14.5,22.0,39.0
566,30,0.576222038111,12.5,13.0,24.5
567,25,0.637655343828,8.0,21.5,70.0
568,18,0.584051367026,10.5,18.0,36.5
569,26,0.589892294946,13.5,11.0,21.5
570,26,0.514250207125,10.0,24.5,38.5
571,27,0.564623032312,7.5,17.5,40.0
572,22,0.627050538525,21.0,15.0,8.5
573,27,0.542874896437,17.0,7.0,11.5
574,29,0.566362883181,11.0,32.5,66.0
575,29,0.600124275062,13.5,13.5,22.5
576,29,0.584258492129,11.0,29.5,35.5
577,24,0.624482187241,12.0,9.5,12.0
578,27,0.562427506214,7.5,30.0,31.5
579,27,0.586081193041,13.5,33.0,11.5
580,31,0.621872410936,13.5,14.5,15.0
581,22,0.470546810273,10.0,22.5,60.5
582,26,0.540637945319,11.5,19.0,81.0
583,24,0.5884009942,10.0,29.0,46.0
584,22,0.528376139188,8.5,26.0,67.0
585,24,0.651946975973,10.0,24.0,89.5
586,25,0.518931234466,17.0,16.5,5.0
587,30,0.646354598177,19.0,10.5,10.0
588,27,0.630323115162,11.5,19.5,39.5
589,21,0.542046396023,16.5,10.5,15.5
590,36,0.566072908036,13.0,8.5,34.5
591,31,0.6243993372,15.5,17.5,19.0
592,24,0.547058823529,23.0,11.0,10.5
593,24,0.563587406794,10.0,13.5,30.5
594,35,0.505758077879,10.5,28.0,52.5
595,23,0.548964374482,15.5,9.5,8.5
596,29,0.676967688484,20.5,2.5,8.0
597,29,0.631027340514,14.5,25.0,50.0
598,15,0.590555095278,18.0,5.0,6.5
599,22,0.597224523612,14.5,17.5,9.0
600,25,0.55816072908,9.0,25.5,63.5
601,30,0.568765534383,11.0,30.5,41.5
602,23,0.584217067109,15.5,16.5,33.0
603,29,0.761101905551,11.5,21.0,17.5
604,26,0.653852526926,14.0,15.0,39.5
605,34,0.695111847556,13.5,8.5,16.5
606,34,0.666031483016,16.0,26.0,23.0
607,31,0.576843413422,18.5,9.0,3.0
608,34,0.542833471417,9.0,15.0,30.0
609,28,0.61043910522,20.5,9.5,2.5
610,30,0.64473902237,20.5,8.5,12.5
611,25,0.671458160729,19.5,9.0,10.5
612,26,0.520256835128,13.0,9.0,6.5
613,27,0.607953603977,18.5,19.0,8.5
614,31,0.715451532726,13.5,11.0,25.0
615,27,0.701077050539,16.5,16.0,29.0
616,35,0.513090306545,6.5,30.0,22.0
617,27,0.519345484673,10.0,34.5,30.0
618,28,0.624855012428,5.5,31.5,46.0
619,33,0.630488815244,10.0,37.5,39.5
620,26,0.511226180613,17.0,7.0,5.0
621,26,0.567771333886,14.0,15.5,22.5
622,31,0.595608947804,15.5,18.0,19.5
623,23,0.6314001657,16.0,8.0,12.5
624,26,0.470091135046,13.0,27.5,9.0
625,28,0.454846727423,20.5,10.0,5.0
626,31,0.621416735708,19.0,8.0,12.5
627,24,0.614457332229,16.5,19.5,4.0
628,22,0.610356255178,13.5,21.0,42.0
629,27,0.454142502071,7.0,17.0,15.0
630,27,0.533471416736,10.5,29.5,24.5
631,31,0.641093620547,11.5,56.5,45.5
632,25,0.598094449047,20.5,8.0,11.5
633,33,0.563504556752,11.0,16.0,22.0
634,28,0.619718309859,15.5,21.5,45.0
635,26,0.668972659486,15.0,10.0,8.5
636,29,0.642874896437,16.0,9.5,7.0
637,23,0.568972659486,11.5,14.0,9.0
638,27,0.523736536868,9.5,19.5,68.5
639,25,0.612634631317,13.5,13.0,9.5
640,26,0.625434962717,15.0,13.5,12.5
641,26,0.503893951947,7.0,42.0,59.0
642,26,0.628417564209,15.5,9.0,19.0
643,25,0.557746478873,9.0,12.5,25.5
644,27,0.549917149959,11.5,15.0,45.0
645,25,0.607870753935,10.0,11.0,10.0
646,19,0.62787903894,12.5,24.0,37.5
647,26,0.568227009114,9.0,25.0,34.5
648,33,0.570712510356,11.5,17.0,20.0
649,28,0.556628003314,13.5,15.5,16.0
650,28,0.66743993372,17.5,7.0,8.5
651,29,0.611184755592,22.0,12.5,13.5
652,30,0.610314830157,12.0,20.5,20.0
653,31,0.65,7.5,39.5,44.0
654,25,0.651284175642,16.5,21.5,16.0
655,29,0.579867439934,8.0,13.5,28.0
656,16,0.594531897266,9.0,18.5,25.0
657,26,0.562510356255,10.0,20.0,29.0
658,23,0.665617232809,10.5,19.0,45.5
659,22,0.521665285833,13.5,12.5,23.0
660,34,0.592129246065,14.5,12.0,14.0
661,24,0.689643744822,14.5,11.0,14.5
662,13,0.374606462303,17.0,11.5,4.5
663,26,0.551905550953,21.0,3.5,4.0
664,30,0.619428334714,13.5,9.0,46.5
665,25,0.619055509528,14.5,10.5,4.5
666,31,0.654473902237,10.5,14.5,37.0
667,30,0.618931234466,11.0,44.0,52.5
668,28,0.591632145816,13.0,12.5,12.5
669,34,0.598053024027,11.5,3.0,2.0
670,34,0.603893951947,16.5,26.0,22.0
671,25,0.691135045568,9.0,28.0,15.0
672,29,0.594283347142,16.0,4.0,7.0
673,23,0.640472245236,13.5,18.0,69.0
674,20,0.58198011599,6.0,13.5,78.0
675,27,0.623777961889,14.0,18.0,14.5
676,27,0.613463131732,7.5,41.5,45.0
677,27,0.637406793703,13.5,20.5,23.5
678,22,0.594034797017,5.5,12.5,64.0
679,27,0.554432477216,10.5,4.0,6.0
680,28,0.546188898094,20.0,8.5,17.0
681,35,0.557953603977,14.0,8.0,25.0
682,27,0.541797845899,12.0,19.5,34.5
683,26,0.631151615576,17.5,10.0,7.0
684,23,0.464871582436,15.0,25.5,31.5
685,29,0.560149130075,14.5,13.5,9.0
686,26,0.639312344656,25.5,7.0,6.0
687,26,0.560024855012,9.5,25.5,8.5
688,32,0.478873239437,8.0,11.0,14.0
689,27,0.573943661972,17.0,14.0,11.0
690,33,0.604556752278,17.0,17.0,18.0
691,29,0.620712510356,12.0,8.5,7.5
692,30,0.486992543496,13.5,17.0,4.5
693,27,0.569552609776,16.5,6.0,17.0
694,26,0.679618889809,8.5,8.0,16.5
695,31,0.647183098592,15.0,14.5,16.5
696,33,0.491466445733,12.5,30.0,55.5
697,24,0.520049710025,18.5,4.5,2.0
698,27,0.638193869097,18.5,9.5,3.5
699,22,0.52850041425,12.5,13.5,41.5
700,30,0.668392709196,13.5,22.0,25.5
701,28,0.684548467274,16.0,25.5,33.0
702,31,0.517025683513,12.0,5.5,11.0
703,27,0.485128417564,12.0,30.5,27.0
704,27,0.621126760563,18.5,8.0,10.0
705,32,0.622825186413,20.0,5.5,4.0
706,31,0.486371168186,15.0,0.5,20.0
707,25,0.526594863297,15.0,19.5,6.0
708,18,0.537033968517,15.5,9.0,9.5
709,20,0.536081193041,8.0,31.5,17.5
710,31,0.626346313173,14.5,17.0,22.0
711,30,0.516114333057,14.0,9.0,28.5
712,27,0.613131731566,15.5,18.5,12.5
713,26,0.479163214582,16.0,24.5,8.5
714,32,0.610024855012,15.5,5.0,16.5
715,19,0.548467274234,13.5,11.0,27.0
716,25,0.528997514499,15.5,6.0,15.5
717,27,0.508077879039,12.0,7.5,11.0
718,29,0.588152444076,7.5,22.0,46.5
719,28,0.619718309859,8.5,36.5,63.0
720,22,0.589602319801,9.0,48.0,68.0
721,30,0.579536039768,15.0,15.0,11.0
722,24,0.563628831814,17.0,13.5,13.0
723,25,0.689188069594,14.0,14.0,19.0
724,27,0.68371996686,17.5,7.0,20.5
725,28,0.625932062966,16.5,22.0,28.5
726,33,0.570422535211,9.5,31.5,57.5
727,29,0.554432477216,18.5,6.5,16.5
728,34,0.63777961889,16.5,10.5,7.0
729,28,0.627671913836,10.5,12.5,21.5
730,27,0.520422535211,11.0,17.5,61.0
731,27,0.560397680199,10.5,12.0,27.0
732,28,0.668931234466,16.5,10.5,24.5
733,25,0.60405965203,11.5,21.0,20.5
734,29,0.62033968517,12.0,11.5,12.5
735,26,0.494283347142,10.5,23.0,40.0
736,28,0.610853355427,7.5,28.0,46.5
737,34,0.736454018227,14.5,14.5,24.0
738,26,0.579494614747,11.5,20.0,29.5
739,23,0.581234465617,15.5,16.0,9.5
740,30,0.512303231152,12.5,16.5,2.5
741,22,0.510314830157,16.5,8.5,3.5
742,31,0.724730737365,16.5,5.5,13.0
743,27,0.61106048053,19.5,10.0,1.0
744,32,0.665534382767,12.5,8.0,10.5
745,25,0.52444076222,11.0,20.0,34.5
746,23,0.520381110191,8.0,17.0,28.0
747,23,0.497514498757,11.5,12.5,17.0
748,25,0.618806959403,16.5,11.5,9.5
749,28,0.720671085336,18.0,15.0,5.5
750,28,0.637696768848,13.0,14.5,59.5
751,28,0.489933719967,11.0,31.0,25.0
752,26,0.70347970174,15.5,16.0,30.0
753,30,0.683015741508,15.0,16.0,29.5
754,19,0.568889809445,11.0,7.5,5.0
755,25,0.546437448219,14.5,17.0,8.5
756,25,0.536743993372,11.5,23.0,35.5
757,25,0.530447390224,13.0,34.0,54.5
758,23,0.683802816901,16.0,8.5,6.0
759,24,0.482518641259,19.0,7.5,8.5
760,28,0.603976801988,13.5,26.0,20.5
761,20,0.470961060481,6.0,10.0,21.0
762,21,0.569511184756,14.5,33.5,15.5
763,31,0.705592377796,13.0,26.0,36.0
764,22,0.424565037283,11.0,16.5,14.5
765,26,0.6185998343,15.0,6.0,8.5
766,22,0.571416735708,15.0,24.0,25.0
767,23,0.619594034797,20.0,7.5,11.0
768,31,0.559693454847,13.5,17.5,36.0
769,24,0.550828500414,9.5,40.5,71.5
770,27,0.511681855841,12.0,25.0,17.0
771,28,0.50347970174,12.5,36.0,44.5
772,28,0.531814415907,9.0,15.0,26.0
773,18,0.401242750621,8.0,41.5,35.0
774,31,0.609030654515,17.5,10.0,19.0
775,26,0.57671913836,8.5,15.0,28.5
776,30,0.512924606462,7.5,15.0,20.5
777,25,0.596603148302,17.5,10.0,18.5
778,26,0.553148301574,7.5,36.0,50.5
779,22,0.526387738194,7.0,16.5,23.0
780,24,0.487572493786,11.5,11.5,21.0
781,34,0.63429991715,9.0,12.0,13.0
782,24,0.647555923778,18.0,8.0,11.0
783,30,0.546851698426,15.5,21.5,40.5
784,31,0.662634631317,15.0,15.5,18.0
785,28,0.684714167357,13.5,25.0,26.5
786,22,0.59188069594,12.0,17.0,37.5
787,30,0.626470588235,7.5,50.5,49.5
788,29,0.587365368683,17.5,9.5,5.0
789,30,0.531565865783,12.5,13.0,15.5
790,22,0.582477216239,16.5,13.5,8.0
791,26,0.63603976802,15.0,11.0,38.0
792,29,0.500911350456,9.5,14.0,32.0
793,24,0.683512841756,15.0,9.0,23.5
794,26,0.60289975145,19.0,18.5,8.5
795,25,0.494324772162,11.5,17.0,32.5
796,21,0.646188898094,15.0,14.0,17.5
797,30,0.641632145816,13.5,18.0,10.5
798,28,0.48371996686,9.0,18.5,23.5
799,30,0.546437448219,12.5,25.5,30.0
800,28,0.610729080365,14.0,9.5,11.5
801,23,0.617067108534,8.5,15.0,19.0
802,26,0.633678541839,18.5,12.0,12.5
803,27,0.557622203811,8.5,19.0,21.5
804,29,0.693910521955,14.0,19.0,25.5
805,30,0.623570836785,13.0,16.0,11.0
806,30,0.587365368683,15.5,9.0,14.5
807,26,0.582974316487,13.0,32.0,37.5
808,31,0.527589063795,8.5,14.0,24.0
809,29,0.669345484673,15.5,7.0,4.0
810,25,0.529991714996,16.5,11.5,26.0
811,25,0.657415078708,16.0,11.5,12.0
812,33,0.724730737365,22.0,17.0,8.0
813,31,0.547555923778,11.0,19.5,32.0
814,29,0.5243993372,12.5,3.5,7.0
815,26,0.556338028169,16.0,28.5,10.5
816,27,0.623943661972,18.5,9.5,5.0
817,30,0.604349627175,12.5,32.0,47.0
818,26,0.548922949461,11.0,20.5,63.0
819,26,0.60642087821,14.0,12.5,21.0
820,26,0.67328086164,17.5,14.0,23.5
821,29,0.633264291632,14.0,9.5,11.0
822,28,0.642046396023,9.5,19.5,14.0
823,30,0.422328086164,11.0,20.5,20.0
824,23,0.5243993372,18.5,11.5,12.5
825,30,0.570215410108,13.5,9.0,35.5
826,25,0.451242750621,13.0,27.5,41.0
827,29,0.591549295775,18.5,13.5,7.0
828,33,0.630323115162,14.0,16.5,18.0
829,32,0.64884009942,14.5,22.0,19.0
830,31,0.588442419221,16.5,11.5,27.5
831,26,0.665078707539,10.0,15.5,7.0
832,31,0.672783761392,11.5,11.5,18.0
833,26,0.650414250207,16.5,17.5,16.5
834,30,0.606586578293,6.0,15.0,54.0
835,27,0.566777133389,8.0,37.5,44.0
836,28,0.499461474731,20.5,14.0,4.0
837,29,0.672908036454,15.5,23.0,21.5
838,26,0.518061309031,17.5,8.5,11.5
839,28,0.603562551781,15.0,27.0,23.0
840,31,0.54652029826,11.0,11.0,21.0
841,29,0.587406793703,13.5,47.5,40.5
842,34,0.674689312345,13.5,9.5,22.0
843,32,0.468392709196,17.0,8.0,17.5
844,26,0.615368682684,21.5,4.5,8.5
845,32,0.611806130903,9.0,23.5,35.0
846,29,0.68951946976,17.0,23.5,13.0
847,30,0.5871996686,15.0,22.5,19.5
848,24,0.514995857498,11.5,35.5,43.0
849,30,0.531193040597,12.5,12.0,14.5
850,27,0.597928748964,20.0,6.0,12.0
851,31,0.715410107705,20.5,12.5,15.5
852,24,0.539395194698,14.0,16.5,16.0
853,31,0.512758906379,10.5,24.0,38.0
854,26,0.561474730737,11.5,13.5,21.5
855,28,0.528914664457,15.0,12.0,13.0
856,27,0.610107705054,11.0,30.0,35.5
857,28,0.556130903065,8.5,18.0,38.0
858,30,0.620505385253,18.0,4.0,12.0
859,27,0.46164043082,9.5,10.0,25.0
860,21,0.606255178128,13.0,9.5,27.5
861,27,0.614871582436,8.0,26.0,77.5
862,31,0.636164043082,15.5,6.0,2.0
863,26,0.527796188898,12.5,27.0,18.5
864,28,0.643661971831,19.5,12.0,2.5
865,16,0.528003314002,19.0,7.5,6.0
866,26,0.608906379453,16.0,9.0,11.0
867,29,0.525434962717,6.5,17.5,53.5
868,30,0.526470588235,18.0,26.5,28.0
869,27,0.583388566694,13.0,13.0,8.0
870,28,0.659693454847,15.5,21.0,36.0
871,32,0.561350455675,18.0,16.0,13.0
872,24,0.508823529412,14.0,13.5,11.5
873,27,0.513421706711,12.0,10.5,14.5
874,21,0.516777133389,16.5,17.0,22.0
875,28,0.712386081193,16.0,17.5,19.5
876,27,0.658864954432,16.5,16.0,16.0
877,33,0.66338028169,19.0,12.0,5.5
878,26,0.621251035626,12.0,13.5,50.0
879,22,0.54183927092,13.0,9.0,9.5
880,25,0.465451532726,12.0,23.0,15.5
881,26,0.583305716653,14.0,29.0,15.5
882,29,0.62033968517,12.5,25.0,38.5
883,31,0.598177299089,9.5,26.5,74.0
884,29,0.606172328086,10.5,32.0,86.0
885,28,0.649130074565,18.5,5.5,8.0
886,28,0.627589063795,20.0,15.5,5.5
887,24,0.617854183927,11.5,11.0,33.5
888,25,0.670463960232,13.0,11.5,17.5
889,31,0.496934548467,10.0,13.5,30.5
890,21,0.617481358741,14.5,25.0,41.0
891,32,0.63371996686,10.5,23.0,20.5
892,28,0.544656172328,11.5,13.0,11.5
893,32,0.579991714996,13.0,19.5,15.0
894,25,0.718268434134,19.0,15.0,13.5
895,25,0.484465617233,13.5,16.5,17.0
896,29,0.591176470588,14.5,10.0,8.0
897,28,0.571002485501,14.0,24.5,13.0
898,30,0.671830985915,20.0,7.5,12.5
899,31,0.619718309859,22.5,4.5,3.5
900,26,0.637033968517,12.0,16.5,27.5
901,31,0.566197183099,17.5,13.5,11.5
902,27,0.663214581607,17.5,13.0,11.5
903,29,0.646975973488,14.0,30.5,54.5
904,25,0.6570008285,13.0,9.0,20.0
905,29,0.575932062966,8.5,36.5,52.0
906,28,0.498425849213,10.5,6.5,30.0
907,26,0.513090306545,11.0,42.5,57.0
908,32,0.643082021541,11.5,31.0,17.0
909,28,0.597058823529,11.0,16.0,34.5
910,20,0.498881524441,22.5,8.5,5.5
911,24,0.62671913836,9.0,15.5,28.0
912,26,0.62207953604,19.0,8.0,4.5
913,31,0.50289975145,12.0,22.5,25.5
914,26,0.506793703397,8.5,18.0,33.0
915,29,0.616197183099,15.0,24.0,40.0
916,30,0.695608947804,21.5,20.5,10.0
917,25,0.564084507042,10.0,22.0,12.5
918,22,0.502775476388,10.0,6.0,9.5
919,23,0.689270919635,20.0,5.5,5.5
920,32,0.653189726595,16.5,13.5,13.0
921,28,0.69241922121,21.5,11.5,2.0
922,27,0.581110190555,18.0,9.5,15.0
923,31,0.690886495443,14.5,10.5,20.5
924,28,0.57613918807,11.0,16.5,20.5
925,34,0.600414250207,10.5,23.5,49.5
926,22,0.541714995857,13.0,24.0,25.5
927,19,0.533429991715,14.0,15.0,10.0
928,31,0.610729080365,13.5,24.5,14.5
929,33,0.491797845899,15.0,10.0,13.5
930,28,0.605882352941,13.0,11.5,22.0
931,17,0.66917978459,23.5,23.0,25.5
932,29,0.645650372825,14.5,26.5,23.0
933,29,0.538276719138,15.0,24.5,24.0
934,27,0.641963545982,12.5,23.0,24.5
935,29,0.654391052196,18.0,23.5,45.0
936,26,0.491756420878,6.5,21.5,24.0
937,24,0.616984258492,17.5,13.5,7.0
938,28,0.549585749793,7.5,20.5,36.5
939,26,0.483554266777,9.0,17.5,44.5
940,26,0.590016570008,14.0,17.5,13.0
941,24,0.53951946976,14.0,12.0,28.5
942,29,0.571955260978,13.0,16.0,51.5
943,20,0.541217895609,15.5,29.5,19.5
944,27,0.614125932063,15.5,17.5,15.0
945,24,0.62212096106,11.0,16.5,31.0
946,29,0.575062137531,14.0,16.0,14.5
947,29,0.604142502071,9.0,33.5,31.5
948,23,0.725269262635,15.0,6.5,13.5
949,22,0.603521126761,9.5,27.5,20.0
950,19,0.646437448219,13.5,13.0,22.5
951,27,0.617398508699,15.0,17.5,15.5
952,21,0.67555923778,11.5,15.0,16.5
953,24,0.592377796189,15.0,18.5,19.0
954,17,0.40753935377,11.5,13.5,9.0
955,23,0.569884009942,12.5,13.5,12.5
956,22,0.621582435791,17.0,5.0,10.5
957,25,0.610936205468,17.5,22.0,24.0
958,30,0.705633802817,14.5,9.0,24.0
959,31,0.548135874068,14.0,6.5,23.0
960,26,0.680115990058,17.0,13.0,13.0
961,26,0.639436619718,14.5,13.0,16.0
962,29,0.631648715824,24.0,3.5,3.5
963,26,0.618641259321,17.0,15.0,40.0
964,32,0.52270091135,18.0,19.5,8.0
965,30,0.584009942005,16.5,22.0,22.5
966,30,0.593082021541,13.5,18.0,34.0
967,27,0.581441590721,17.0,14.5,20.5
968,25,0.706130903065,16.5,20.5,18.0
969,25,0.575062137531,14.0,16.5,23.0
970,32,0.517522783761,10.5,14.0,18.5
971,28,0.687613918807,13.5,16.5,27.5
972,24,0.590472245236,14.5,20.5,19.5
973,28,0.585998342999,20.5,20.0,4.0
974,32,0.669552609776,18.0,11.5,10.0
975,31,0.662386081193,14.0,17.0,21.0
976,28,0.641383595692,13.0,21.0,31.5
977,31,0.518806959403,15.0,10.5,9.5
978,27,0.529577464789,4.5,26.5,65.5
979,27,0.600869925435,20.5,6.5,8.5
980,28,0.565741507871,13.5,7.5,13.5
981,27,0.574067937034,18.5,11.0,11.0
982,27,0.702112676056,15.5,14.0,16.5
983,18,0.525890637945,11.0,13.0,24.0
984,19,0.597307373654,18.5,20.0,50.5
985,21,0.647431648716,17.5,10.5,8.0
986,34,0.64710024855,18.5,7.0,10.0
987,30,0.53777961889,9.0,11.0,63.5
988,34,0.580903065452,12.0,34.5,52.0
989,25,0.503065451533,17.0,19.5,14.5
990,24,0.604598177299,6.0,12.0,32.5
991,28,0.490223695112,9.0,21.5,29.0
992,24,0.522493786247,16.5,26.5,72.5
993,29,0.584382767191,9.0,28.0,52.0
994,29,0.644324772162,15.5,17.5,39.0
995,24,0.578376139188,12.5,19.0,13.0
996,27,0.435128417564,8.0,16.0,22.0
997,31,0.634341342171,19.0,5.0,5.5
998,25,0.68661971831,17.5,19.5,12.5
999,28,0.567647058824,7.0,20.0,40.5
