,BP_ref,holeyness
0,31,0.537406793703
1,29,0.5057995029
2,30,0.609983429992
3,21,0.482684341342
4,31,0.602568351284
5,24,0.602651201326
6,27,0.396685998343
7,25,0.578956089478
8,25,0.567854183927
9,25,0.452609776305
10,22,0.746893123447
11,24,0.553024026512
12,21,0.824192212096
13,24,0.575973487987
14,30,0.688276719138
15,33,0.574357912179
16,27,0.552112676056
17,28,0.463463131732
18,30,0.536164043082
19,21,0.51628003314
20,29,0.525973487987
21,28,0.583637116819
22,29,0.586661143331
23,32,0.600745650373
24,28,0.512841756421
25,25,0.722535211268
26,23,0.609983429992
27,29,0.618931234466
28,28,0.917398508699
29,32,0.51043910522
30,29,0.576801988401
31,26,0.630033140017
32,25,0.744241922121
33,28,0.522908036454
34,25,0.612758906379
35,28,0.642170671085
36,24,0.469304059652
37,27,0.596975973488
38,21,0.625393537697
39,32,0.608326429163
40,30,0.520712510356
41,24,0.489892294946
42,27,0.698922949461
43,30,0.808077879039
44,29,0.542874896437
45,25,0.534341342171
46,27,0.630364540182
47,26,0.362593206297
48,29,0.569801159901
49,32,0.62792046396
50,24,0.499834299917
51,27,0.456296603148
52,30,0.545650372825
53,24,0.658657829329
54,35,0.443951946976
55,29,0.514788732394
56,32,0.389312344656
57,28,0.590969345485
58,34,0.56512013256
59,28,0.52676056338
60,28,0.546727423364
61,31,0.531193040597
62,27,0.542584921292
63,22,0.562013256007
64,21,0.452236951118
65,29,0.605302402651
66,28,0.59884009942
67,25,0.629701739851
68,30,0.556586578293
69,26,0.624357912179
70,26,0.592626346313
71,26,0.586992543496
72,26,0.734382767191
73,33,0.724357912179
74,27,0.466818558409
75,32,0.467067108534
76,30,0.629826014913
77,22,0.368227009114
78,27,0.480488815244
79,33,0.543951946976
80,28,0.503065451533
81,29,0.481358740679
82,26,0.547141673571
83,23,0.511930405965
84,28,0.521665285833
85,31,0.512883181442
86,28,0.496934548467
87,29,0.487033968517
88,31,0.390057995029
89,33,0.443993371997
90,29,0.640265120133
91,30,0.675062137531
92,33,0.537738193869
93,33,0.56222038111
94,28,0.550372825186
95,26,0.515658657829
96,21,0.541217895609
97,31,0.581027340514
98,23,0.571748135874
99,30,0.435169842585
100,22,0.639768019884
101,25,0.572535211268
102,29,0.487821043911
103,27,0.520588235294
104,26,0.510853355427
105,25,0.587158243579
106,25,0.447307373654
107,22,0.4814001657
108,23,0.537821043911
109,29,0.651367025684
110,27,0.509030654515
111,27,0.452402651201
112,25,0.455343827672
113,32,0.528956089478
114,29,0.593413421707
115,27,0.561764705882
116,27,0.634134217067
117,24,0.69304059652
118,27,0.753852526926
119,28,0.481897265949
120,29,0.524316487158
121,31,0.576097763049
122,29,0.628873239437
123,29,0.667481358741
124,34,0.539270919635
125,29,0.529121789561
126,23,0.520629660315
127,29,0.599627174814
128,26,0.608202154101
129,30,0.500124275062
130,31,0.614995857498
131,33,0.637241093621
132,30,0.482891466446
133,30,0.570795360398
134,22,0.546023198012
135,30,0.555136702568
136,27,0.441632145816
137,30,0.546810273405
138,27,0.632228666114
139,28,0.486868268434
140,21,0.436951118476
141,33,0.569718309859
142,22,0.684962717481
143,28,0.599502899751
144,27,0.571292460646
145,30,0.593661971831
146,29,0.680530240265
147,28,0.55173985087
148,28,0.651325600663
149,28,0.574689312345
150,21,0.466777133389
151,30,0.557787903894
152,22,0.499088649544
153,28,0.909444904722
154,31,0.49362054681
155,24,0.50584092792
156,23,0.555550952775
157,27,0.507166528583
158,30,0.70289975145
159,23,0.614830157415
160,27,0.515327257664
161,29,0.55758077879
162,31,0.598342999171
163,22,0.606130903065
164,31,0.441963545982
165,28,0.569386909693
166,33,0.622038111019
167,24,0.529867439934
168,24,0.866362883181
169,30,0.542667771334
170,29,0.524813587407
171,28,0.502816901408
172,29,0.53545981773
173,32,0.618227009114
174,23,0.644904722452
175,25,0.535211267606
176,31,0.533222866611
177,29,0.642502071251
178,30,0.485956917978
179,26,0.541010770505
180,24,0.667398508699
181,25,0.635998342999
182,25,0.475310687655
183,25,0.427133388567
184,27,0.505509527755
185,28,0.627381938691
186,32,0.526926263463
187,30,0.538028169014
188,22,0.515161557581
189,25,0.538276719138
190,22,0.506710853355
191,26,0.535998342999
192,28,0.500289975145
193,31,0.557166528583
194,26,0.443123446562
195,25,0.524357912179
196,22,0.643206296603
197,26,0.518434134217
198,23,0.634755592378
199,24,0.450248550124
200,30,0.570878210439
201,26,0.521375310688
202,29,0.503935376968
203,27,0.594490472245
204,31,0.601449875725
205,29,0.479991714996
206,33,0.483844241922
207,28,0.61743993372
208,29,0.524772162386
209,30,0.543786246893
210,33,0.666114333057
211,25,0.462344656172
212,31,0.599627174814
213,33,0.534507042254
214,25,0.558574979287
215,26,0.663835956918
216,22,0.406462303231
217,32,0.448218724109
218,25,0.501118475559
219,28,0.652071251036
220,28,0.492004971002
221,32,0.567108533554
222,27,0.43951946976
223,29,0.632767191384
224,28,0.582311516156
225,25,0.607290803645
226,21,0.406462303231
227,31,0.66164043082
228,30,0.524067937034
229,29,0.577589063795
230,31,0.492543496272
231,29,0.437613918807
232,23,0.60985915493
233,28,0.52207953604
234,29,0.596313173157
235,29,0.696685998343
236,30,0.615575807788
237,22,0.670961060481
238,27,0.659486329743
239,27,0.563504556752
240,26,0.45637945319
241,33,0.51685998343
242,26,0.535418392709
243,30,0.561309030655
244,32,0.500207125104
245,26,0.506503728252
246,29,0.615824357912
247,23,0.584465617233
248,30,0.353728251864
249,29,0.549627174814
250,21,0.451615575808
251,31,0.476553438277
252,31,0.524109362055
253,24,0.776470588235
254,32,0.354349627175
255,28,0.558367854184
256,26,0.57212096106
257,24,0.551946975973
258,24,0.584548467274
259,28,0.591797845899
260,28,0.622410936205
261,26,0.560521955261
262,26,0.505633802817
263,29,0.601077050539
264,31,0.539975144988
265,26,0.586992543496
266,28,0.584548467274
267,27,0.582642916321
268,26,0.620463960232
269,26,0.53661971831
270,26,0.589809444905
271,27,0.54884009942
272,27,0.500745650373
273,21,0.413173156587
274,24,0.681151615576
275,30,0.570588235294
276,25,0.550497100249
277,29,0.609693454847
278,25,0.673529411765
279,28,0.500538525269
280,27,0.47618061309
281,27,0.620836785418
282,25,0.867522783761
283,27,0.544697597349
284,31,0.625849212925
285,21,0.520878210439
286,26,0.474150787075
287,29,0.637862468931
288,28,0.59710024855
289,26,0.583595691798
290,25,0.596644573322
291,26,0.584797017399
292,26,0.535584092792
293,21,0.486164043082
294,26,0.508864954432
295,31,0.5429991715
296,34,0.639312344656
297,25,0.614415907208
298,31,0.453189726595
299,27,0.517067108534
300,29,0.528583264292
301,28,0.500124275062
302,28,0.552071251036
303,28,0.539312344656
304,29,0.485749792875
305,25,0.604846727423
306,26,0.538442419221
307,22,0.677547638774
308,34,0.734217067109
309,27,0.621458160729
310,32,0.597597348799
311,27,0.52734051367
312,28,0.582104391052
313,28,0.537862468931
314,22,0.535915492958
315,29,0.64652029826
316,33,0.591714995857
317,32,0.580115990058
318,31,0.572245236123
319,23,0.438152444076
320,28,0.677796188898
321,25,0.388525269263
322,30,0.537613918807
323,27,0.509652029826
324,24,0.625434962717
325,25,0.584217067109
326,24,0.469718309859
327,29,0.549005799503
328,22,0.472245236123
329,24,0.502526926263
330,30,0.537738193869
331,28,0.644449047225
332,27,0.510563380282
333,27,0.547058823529
334,31,0.547473073737
335,27,0.581317315659
336,27,0.533264291632
337,32,0.499254349627
338,32,0.577009113505
339,31,0.622410936205
340,30,0.540927920464
341,28,0.437613918807
342,22,0.51222038111
343,27,0.6371996686
344,29,0.503272576636
345,27,0.649005799503
346,33,0.585584092792
347,28,0.515617232809
348,27,0.57787903894
349,30,0.373943661972
350,29,0.541632145816
351,26,0.637531068766
352,30,0.495484672742
353,31,0.558036454018
354,30,0.577091963546
355,27,0.810687655344
356,23,0.540265120133
357,23,0.686246893123
358,25,0.618309859155
359,25,0.596147473074
360,30,0.717522783761
361,28,0.688235294118
362,27,0.621168185584
363,29,0.586205468103
364,26,0.555053852527
365,28,0.503065451533
366,27,0.550331400166
367,24,0.532642916321
368,31,0.627961888981
369,31,0.512510356255
370,24,0.678707539354
371,31,0.561267605634
372,28,0.628666114333
373,34,0.661474730737
374,30,0.454598177299
375,30,0.47729908865
376,33,0.622535211268
377,27,0.642792046396
378,32,0.595111847556
379,28,0.488898094449
380,27,0.511847555924
381,24,0.573777961889
382,27,0.640637945319
383,22,0.53024026512
384,26,0.498135874068
385,25,0.542046396023
386,27,0.611350455675
387,23,0.614664457332
388,28,0.426677713339
389,28,0.601905550953
390,22,0.496934548467
391,29,0.6243993372
392,21,0.648342999171
393,22,0.513173156587
394,21,0.566238608119
395,32,0.482891466446
396,22,0.613463131732
397,22,0.430281690141
398,28,0.499337199669
399,30,0.694946147473
400,27,0.411888980944
401,23,0.723198011599
402,26,0.488566694283
403,30,0.740762220381
404,32,0.672286661143
405,25,0.567522783761
406,30,0.604432477216
407,26,0.633388566694
408,26,0.524109362055
409,29,0.644573322287
410,28,0.551822700911
411,33,0.612717481359
412,23,0.551864125932
413,22,0.578293289147
414,30,0.576884838442
415,30,0.618227009114
416,24,0.517812758906
417,25,0.58835956918
418,25,0.467274233637
419,30,0.545484672742
420,26,0.613711681856
421,35,0.579121789561
422,26,0.681151615576
423,30,0.428997514499
424,26,0.550124275062
425,31,0.530695940348
426,29,0.649047224524
427,23,0.584631317316
428,27,0.540057995029
429,23,0.461847555924
430,35,0.52497928749
431,27,0.422618061309
432,30,0.54473902237
433,27,0.452195526098
434,27,0.56396023198
435,30,0.555592377796
436,30,0.586454018227
437,27,0.857083678542
438,25,0.572783761392
439,32,0.614125932063
440,29,0.636288318144
441,32,0.638566694283
442,23,0.59826014913
443,30,0.632891466446
444,27,0.486122618061
445,26,0.504308202154
446,29,0.522990886495
447,27,0.62444076222
448,34,0.553355426678
449,29,0.636992543496
450,30,0.549917149959
451,26,0.647265948633
452,23,0.469262634631
453,26,0.452071251036
454,30,0.625973487987
455,27,0.482891466446
456,30,0.638193869097
457,26,0.509403479702
458,29,0.466818558409
459,27,0.550082850041
460,30,0.578458989229
461,26,0.447431648716
462,25,0.454722452361
463,27,0.59768019884
464,31,0.598135874068
465,28,0.561557580779
466,25,0.608782104391
467,28,0.598964374482
468,34,0.512303231152
469,27,0.649792874896
470,29,0.522410936205
471,33,0.605633802817
472,24,0.69652029826
473,29,0.592336371168
474,26,0.569884009942
475,32,0.525766362883
476,29,0.541756420878
477,22,0.605343827672
478,30,0.734507042254
479,29,0.469635459818
480,28,0.6185998343
481,24,0.418848384424
482,25,0.569635459818
483,25,0.555675227838
484,23,0.720753935377
485,25,0.696271748136
486,37,0.657829328915
487,25,0.636868268434
488,25,0.786578293289
489,21,0.464830157415
490,25,0.641632145816
491,22,0.600455675228
492,26,0.626677713339
493,25,0.425062137531
494,25,0.575890637945
495,25,0.550704225352
496,31,0.600869925435
497,26,0.704266777133
498,25,0.682850041425
499,22,0.529536039768
500,31,0.648674399337
501,29,0.514913007457
502,30,0.55584092792
503,26,0.546271748136
504,21,0.52033968517
505,27,0.60115990058
506,30,0.638856669428
507,28,0.632518641259
508,31,0.59014084507
509,31,0.530074565037
510,30,0.590513670257
511,28,0.65115990058
512,31,0.568185584093
513,26,0.60816072908
514,27,0.730903065452
515,35,0.54710024855
516,27,0.628790389395
517,30,0.455468102734
518,30,0.471665285833
519,27,0.514623032312
520,27,0.529577464789
521,29,0.493454846727
522,28,0.562758906379
523,30,0.540513670257
524,27,0.656089478045
525,31,0.604183927092
526,27,0.764084507042
527,23,0.576843413422
528,29,0.521416735708
529,27,0.621955260978
530,29,0.433927091964
531,28,0.470381110191
532,27,0.524565037283
533,30,0.487406793703
534,28,0.553314001657
535,29,0.556503728252
536,25,0.572535211268
537,31,0.52270091135
538,30,0.542212096106
539,29,0.571043910522
540,29,0.833927091964
541,27,0.652982601491
542,25,0.538773819387
543,28,0.576512013256
544,32,0.610687655344
545,27,0.651574150787
546,30,0.532601491301
547,28,0.585252692626
548,27,0.567067108534
549,30,0.545070422535
550,25,0.618516984258
551,28,0.56685998343
552,27,0.585666942833
553,32,0.614871582436
554,27,0.584341342171
555,23,0.581607290804
556,30,0.549792874896
557,29,0.557995028998
558,27,0.395070422535
559,25,0.55758077879
560,27,0.529204639602
561,30,0.589270919635
562,28,0.846396023198
563,25,0.589602319801
564,23,0.502071251036
565,30,0.484589892295
566,29,0.539685169843
567,22,0.670629660315
568,31,0.633222866611
569,23,0.424192212096
570,30,0.640803645402
571,31,0.484092792046
572,29,0.533927091964
573,25,0.515617232809
574,33,0.671665285833
575,28,0.570215410108
576,29,0.578873239437
577,27,0.512178956089
578,32,0.592046396023
579,25,0.538152444076
580,28,0.618144159072
581,25,0.539933719967
582,25,0.658492129246
583,32,0.492212096106
584,29,0.506338028169
585,24,0.699751449876
586,26,0.657166528583
587,33,0.661971830986
588,23,0.576967688484
589,26,0.757787903894
590,26,0.467564208782
591,32,0.633429991715
592,26,0.575476387738
593,33,0.475517812759
594,22,0.468475559238
595,26,0.464747307374
596,28,0.52497928749
597,24,0.656835128418
598,32,0.664374482187
599,25,0.539270919635
600,26,0.570173985087
601,26,0.597887323944
602,28,0.518227009114
603,28,0.734465617233
604,30,0.761557580779
605,35,0.572245236123
606,35,0.518972659486
607,26,0.592709196355
608,27,0.643454846727
609,22,0.550497100249
610,27,0.586122618061
611,34,0.537738193869
612,33,0.590223695112
613,26,0.683305716653
614,28,0.491383595692
615,31,0.537323943662
616,33,0.695153272577
617,23,0.559486329743
618,29,0.7429991715
619,21,0.580737365369
620,29,0.646271748136
621,23,0.783927091964
622,21,0.822576636288
623,31,0.509776304888
624,28,0.517688483844
625,23,0.491590720795
626,23,0.453065451533
627,22,0.533554266777
628,27,0.59125932063
629,31,0.602858326429
630,24,0.587116818558
631,30,0.428831814416
632,29,0.596147473074
633,25,0.54183927092
634,22,0.73256006628
635,25,0.587075393538
636,31,0.558782104391
637,31,0.599834299917
638,25,0.580281690141
639,23,0.46106048053
640,26,0.514954432477
641,23,0.458906379453
642,32,0.670008285004
643,24,0.565617232809
644,32,0.640513670257
645,21,0.649917149959
646,28,0.538525269263
647,24,0.512386081193
648,32,0.602154101077
649,26,0.574813587407
650,24,0.476512013256
651,29,0.545898922949
652,26,0.648674399337
653,29,0.542584921292
654,23,0.52908036454
655,29,0.611143330572
656,31,0.532642916321
657,31,0.567481358741
658,29,0.528003314002
659,29,0.492957746479
660,33,0.619511184756
661,25,0.487531068766
662,28,0.503314001657
663,25,0.483015741508
664,28,0.528251864126
665,27,0.590555095278
666,24,0.554556752278
667,32,0.502361226181
668,30,0.647804473902
669,29,0.519718309859
670,26,0.585915492958
671,29,0.586578293289
672,23,0.510231980116
673,32,0.492046396023
674,27,0.621126760563
675,26,0.71917978459
676,29,0.496106048053
677,27,0.523612261806
678,27,0.544656172328
679,24,0.548798674399
680,25,0.678956089478
681,29,0.581151615576
682,34,0.563338856669
683,28,0.515741507871
684,31,0.638525269263
685,26,0.49710024855
686,33,0.672452361226
687,32,0.600538525269
688,25,0.551822700911
689,25,0.575683512842
690,30,0.54768019884
691,32,0.462551781276
692,26,0.659983429992
693,24,0.757663628832
694,22,0.53835956918
695,29,0.586495443248
696,26,0.656006628003
697,29,0.485874067937
698,26,0.521085335543
699,32,0.505592377796
700,22,0.58835956918
701,28,0.552029826015
702,27,0.528831814416
703,27,0.549875724938
704,29,0.520298260149
705,24,0.536536868268
706,25,0.638193869097
707,29,0.447721623861
708,29,0.553355426678
709,26,0.525186412593
710,31,0.480364540182
711,29,0.585501242751
712,25,0.570671085336
713,28,0.515202982601
714,24,0.482932891466
715,29,0.615285832643
716,25,0.696147473074
717,26,0.606628003314
718,28,0.469262634631
719,24,0.740016570008
720,28,0.507705053853
721,28,0.619552609776
722,26,0.524109362055
723,27,0.471002485501
724,31,0.703603976802
725,21,0.402941176471
726,25,0.507746478873
727,24,0.611143330572
728,27,0.544366197183
729,28,0.594573322287
730,28,0.742087821044
731,27,0.587282518641
732,31,0.597390223695
733,26,0.834465617233
734,35,0.597721623861
735,24,0.505302402651
736,29,0.587033968517
737,26,0.776222038111
738,28,0.495028997514
739,34,0.406628003314
740,34,0.536536868268
741,28,0.58198011599
742,22,0.557829328915
743,29,0.581731565866
744,30,0.565782932891
745,27,0.608077879039
746,22,0.698632974316
747,24,0.472245236123
748,27,0.586785418393
749,28,0.715575807788
750,30,0.553893951947
751,28,0.661557580779
752,26,0.48487986744
753,26,0.47386081193
754,31,0.674026512013
755,26,0.560604805302
756,26,0.534507042254
757,24,0.510646230323
758,28,0.740886495443
759,23,0.530488815244
760,28,0.58429991715
761,25,0.674026512013
762,25,0.614457332229
763,28,0.574357912179
764,27,0.409362054681
765,25,0.513711681856
766,30,0.666404308202
767,33,0.650248550124
768,22,0.674772162386
769,25,0.55869925435
770,23,0.589188069594
771,25,0.562883181442
772,29,0.490389395195
773,27,0.585542667771
774,23,0.504929577465
775,29,0.612758906379
776,23,0.55695940348
777,29,0.564913007457
778,25,0.570132560066
779,25,0.525434962717
780,28,0.578003314002
781,33,0.623529411765
782,28,0.54594034797
783,30,0.635542667771
784,26,0.576801988401
785,30,0.530405965203
786,24,0.595318972659
787,31,0.540306545153
788,24,0.611764705882
789,31,0.595443247722
790,32,0.544324772162
791,31,0.512054681027
792,30,0.598218724109
793,27,0.487655343828
794,27,0.487903893952
795,32,0.628790389395
796,28,0.491797845899
797,28,0.465492957746
798,23,0.57966031483
799,24,0.561516155758
800,30,0.589892294946
801,30,0.514415907208
802,23,0.475642087821
803,32,0.606628003314
804,28,0.60115990058
805,26,0.619386909693
806,28,0.518641259321
807,25,0.653893951947
808,25,0.798674399337
809,28,0.575393537697
810,22,0.510397680199
811,28,0.549088649544
812,30,0.570381110191
813,30,0.686661143331
814,26,0.560770505385
815,28,0.634258492129
816,25,0.564913007457
817,25,0.490347970174
818,35,0.647928748964
819,30,0.425434962717
820,29,0.560397680199
821,27,0.647928748964
822,26,0.52270091135
823,31,0.521541010771
824,25,0.616321458161
825,29,0.516735708368
826,26,0.533015741508
827,27,0.506835128418
828,23,0.642046396023
829,28,0.544407622204
830,26,0.497265948633
831,26,0.616445733223
832,22,0.514871582436
833,27,0.609154929577
834,24,0.54473902237
835,22,0.409610604805
836,24,0.640555095278
837,26,0.55985915493
838,30,0.571955260978
839,29,0.450828500414
840,32,0.403314001657
841,29,0.42792046396
842,34,0.468351284176
843,29,0.620795360398
844,21,0.65
845,25,0.54304059652
846,25,0.627506213753
847,32,0.6185998343
848,28,0.559652029826
849,37,0.600124275062
850,32,0.616942833471
851,25,0.542833471417
852,31,0.562551781276
853,32,0.563007456504
854,24,0.517108533554
855,28,0.63777961889
856,30,0.571085335543
857,24,0.490347970174
858,28,0.608823529412
859,30,0.548508699254
860,26,0.666031483016
861,30,0.449047224524
862,28,0.554971002486
863,32,0.63951946976
864,25,0.493371996686
865,22,0.54014084507
866,31,0.617647058824
867,25,0.457705053853
868,21,0.560687655344
869,28,0.697638773819
870,25,0.560936205468
871,27,0.55057995029
872,23,0.548550124275
873,29,0.671582435791
874,21,0.617771333886
875,30,0.608036454018
876,22,0.498301574151
877,22,0.533098591549
878,32,0.635335542668
879,28,0.528293289147
880,29,0.423198011599
881,25,0.658989229495
882,26,0.404763877382
883,26,0.616238608119
884,27,0.554888152444
885,28,0.619096934548
886,24,0.729577464789
887,33,0.564208782104
888,26,0.643454846727
889,30,0.759776304888
890,25,0.567481358741
891,29,0.650911350456
892,29,0.57270091135
893,26,0.550869925435
894,26,0.54652029826
895,25,0.534217067109
896,24,0.602651201326
897,22,0.391922120961
898,24,0.48024026512
899,27,0.475062137531
900,28,0.717564208782
901,33,0.519884009942
902,29,0.673032311516
903,27,0.415534382767
904,27,0.407746478873
905,26,0.509527754764
906,26,0.559983429992
907,30,0.574523612262
908,24,0.545774647887
909,31,0.61917978459
910,29,0.663628831814
911,26,0.517315658658
912,29,0.552609776305
913,31,0.522576636288
914,29,0.465285832643
915,29,0.625186412593
916,26,0.772908036454
917,28,0.680571665286
918,27,0.645028997514
919,21,0.599792874896
920,32,0.57207953604
921,27,0.386992543496
922,23,0.625849212925
923,27,0.599005799503
924,35,0.646685998343
925,29,0.519676884838
926,31,0.513007456504
927,23,0.564250207125
928,29,0.605385252693
929,29,0.671541010771
930,33,0.537406793703
931,23,0.541052195526
932,27,0.657332228666
933,24,0.57386081193
934,26,0.595857497929
935,26,0.581483015742
936,25,0.871416735708
937,32,0.567564208782
938,30,0.624606462303
939,29,0.694904722452
940,30,0.526346313173
941,30,0.586454018227
942,23,0.750331400166
943,21,0.671623860812
944,30,0.711888980944
945,31,0.506669428335
946,26,0.488028169014
947,25,0.593537696769
948,24,0.519884009942
949,28,0.635542667771
950,26,0.557829328915
951,26,0.635211267606
952,26,0.596727423364
953,29,0.513794531897
954,29,0.51048053024
955,22,0.477589063795
956,27,0.667232808616
957,21,0.622949461475
958,24,0.54014084507
959,22,0.439685169843
960,28,0.42386081193
961,26,0.637282518641
962,30,0.456089478045
963,28,0.562510356255
964,28,0.526014913007
965,27,0.403769676885
966,31,0.544697597349
967,30,0.610149130075
968,24,0.561806130903
969,30,0.506503728252
970,28,0.791466445733
971,26,0.649461474731
972,23,0.433802816901
973,22,0.448177299089
974,21,0.578417564209
975,28,0.607207953604
976,26,0.512013256007
977,32,0.572742336371
978,28,0.627216238608
979,24,0.799751449876
980,24,0.540637945319
981,29,0.552485501243
982,29,0.570049710025
983,32,0.65637945319
984,21,0.598508699254
985,28,0.635625517813
986,26,0.425434962717
987,33,0.454722452361
988,28,0.563753106877
989,29,0.492377796189
990,30,0.584838442419
991,29,0.464250207125
992,33,0.636992543496
993,24,0.567108533554
994,27,0.384341342171
995,28,0.653314001657
996,30,0.539063794532
997,32,0.561723280862
998,22,0.433015741508
999,27,0.499917149959
