,BP_ref,holeyness
0,20,0.643703396852
1,27,0.706545153273
2,28,0.604846727423
3,27,0.61338028169
4,29,0.639602319801
5,31,0.688276719138
6,31,0.699958574979
7,24,0.64241922121
8,29,0.577837613919
9,31,0.649875724938
10,21,0.667771333886
11,27,0.656338028169
12,30,0.732932891466
13,34,0.745898922949
14,29,0.705965202983
15,29,0.777009113505
16,31,0.625517812759
17,26,0.595401822701
18,32,0.652651201326
19,27,0.67033968517
20,26,0.645318972659
21,28,0.658657829329
22,26,0.65990057995
23,23,0.685708367854
24,31,0.750248550124
25,29,0.650041425021
26,32,0.694614747307
27,36,0.643082021541
28,32,0.681193040597
29,25,0.707787903894
30,25,0.585542667771
31,28,0.618765534383
32,24,0.571913835957
33,26,0.680157415079
34,30,0.649834299917
35,31,0.669594034797
36,28,0.703396851698
37,27,0.598798674399
38,20,0.59473902237
39,19,0.703976801988
40,32,0.628210439105
41,23,0.639892294946
42,28,0.600745650373
43,28,0.540969345485
44,32,0.666362883181
45,33,0.700787075394
46,27,0.640182270091
47,27,0.691093620547
48,27,0.689768019884
49,25,0.649544324772
50,29,0.614001657001
51,26,0.545733222867
52,29,0.633388566694
53,28,0.644946147473
54,22,0.645153272577
55,27,0.670588235294
56,26,0.569966859983
57,25,0.664208782104
58,26,0.629950289975
59,23,0.614415907208
60,28,0.699585749793
61,24,0.652112676056
62,28,0.666984258492
63,22,0.677091963546
64,27,0.704598177299
65,30,0.74067937034
66,28,0.69652029826
67,31,0.677423363712
68,32,0.665368682684
69,23,0.616362883181
70,24,0.672245236123
71,23,0.701325600663
72,23,0.694573322287
73,30,0.732187241094
74,21,0.604018227009
75,29,0.691549295775
76,31,0.7057995029
77,28,0.666984258492
78,24,0.660149130075
79,28,0.639312344656
80,31,0.719511184756
81,22,0.563877381939
82,28,0.71685998343
83,27,0.660149130075
84,26,0.67207953604
85,27,0.609196354598
86,27,0.691425020713
87,25,0.641797845899
88,29,0.655385252693
89,31,0.736951118476
90,26,0.632187241094
91,25,0.618765534383
92,22,0.645691797846
93,32,0.719884009942
94,31,0.713628831814
95,26,0.662758906379
96,27,0.703645401823
97,23,0.627050538525
98,30,0.710977630489
99,33,0.60173985087
100,23,0.652526926263
101,29,0.630033140017
102,29,0.654225352113
103,22,0.582104391052
104,29,0.685791217896
105,18,0.532601491301
106,22,0.743951946976
107,18,0.662344656172
108,32,0.691507870754
109,26,0.757870753935
110,33,0.72328086164
111,29,0.64067937034
112,24,0.671209610605
113,33,0.668351284176
114,28,0.619345484673
115,18,0.676097763049
116,27,0.666818558409
117,29,0.695857497929
118,32,0.648384424192
119,30,0.689022369511
120,26,0.780944490472
121,21,0.615534382767
122,24,0.60753935377
123,24,0.566694283347
124,25,0.632062966031
125,17,0.708616404308
126,31,0.6743993372
127,29,0.616238608119
128,24,0.669925434963
129,20,0.592253521127
130,33,0.661391880696
131,20,0.742004971002
132,21,0.609693454847
133,28,0.736288318144
134,25,0.610811930406
135,28,0.743082021541
136,18,0.607622203811
137,30,0.641052195526
138,25,0.637116818558
139,20,0.678127589064
140,29,0.729701739851
141,25,0.616362883181
142,31,0.647224523612
143,27,0.601988400994
144,21,0.702526926263
145,33,0.679991714996
146,29,0.737241093621
147,29,0.673156586578
148,27,0.657995028998
149,36,0.617937033969
150,32,0.674109362055
151,28,0.629743164872
152,28,0.639768019884
153,29,0.64014084507
154,27,0.660811930406
155,26,0.670049710025
156,28,0.692667771334
157,19,0.645194697597
158,28,0.694614747307
159,29,0.698881524441
160,33,0.614788732394
161,32,0.717315658658
162,25,0.631772990886
163,31,0.747887323944
164,19,0.574192212096
165,25,0.628831814416
166,23,0.619801159901
167,20,0.684962717481
168,23,0.66043910522
169,24,0.668889809445
170,27,0.704929577465
171,22,0.681731565866
172,32,0.700994200497
173,28,0.625103562552
174,33,0.779246064623
175,28,0.783429991715
176,29,0.729411764706
177,27,0.65057995029
178,26,0.701615575808
179,34,0.82502071251
180,24,0.583471416736
181,29,0.705592377796
182,23,0.626553438277
183,28,0.61396023198
184,27,0.710853355427
185,25,0.609072079536
186,19,0.577050538525
187,21,0.652361226181
188,29,0.713090306545
189,30,0.710687655344
190,25,0.628251864126
191,16,0.560563380282
192,28,0.622328086164
193,29,0.689188069594
194,30,0.678210439105
195,19,0.632974316487
196,26,0.57787903894
197,34,0.705468102734
198,24,0.654805302403
199,28,0.775103562552
200,21,0.6243993372
201,23,0.675186412593
202,25,0.548425849213
203,25,0.701946975973
204,24,0.675186412593
205,31,0.620795360398
206,31,0.669469759735
207,30,0.615285832643
208,25,0.620049710025
209,25,0.58198011599
210,29,0.688732394366
211,25,0.661681855841
212,21,0.662883181442
213,23,0.595277547639
214,25,0.72091963546
215,29,0.592750621375
216,35,0.61975973488
217,25,0.586909693455
218,25,0.685169842585
219,28,0.578707539354
220,30,0.660604805302
221,28,0.645153272577
222,25,0.62497928749
223,28,0.625476387738
224,27,0.704722452361
225,20,0.578748964374
226,28,0.651822700911
227,29,0.652444076222
228,30,0.666031483016
229,27,0.716031483016
230,31,0.648674399337
231,29,0.730074565037
232,25,0.656172328086
233,23,0.716238608119
234,28,0.74478044739
235,30,0.646396023198
236,28,0.651201325601
237,29,0.640472245236
238,27,0.650497100249
239,28,0.688525269263
240,25,0.595981772991
241,26,0.740389395195
242,29,0.610314830157
243,20,0.698715824358
244,30,0.627589063795
245,26,0.597804473902
246,24,0.652609776305
247,29,0.647307373654
248,29,0.685956917978
249,22,0.708202154101
250,21,0.55816072908
251,32,0.756793703397
252,28,0.621043910522
253,21,0.50584092792
254,32,0.615451532726
255,27,0.684217067109
256,25,0.62033968517
257,27,0.678086164043
258,27,0.671830985915
259,25,0.619884009942
260,26,0.567854183927
261,31,0.70347970174
262,30,0.678541839271
263,32,0.70115990058
264,26,0.652278376139
265,24,0.585294117647
266,27,0.565368682684
267,28,0.608202154101
268,30,0.602278376139
269,25,0.668724109362
270,25,0.667025683513
271,29,0.724316487158
272,22,0.675352112676
273,29,0.639850869925
274,32,0.716818558409
275,29,0.626594863297
276,26,0.705136702568
277,27,0.665948632974
278,23,0.632477216239
279,23,0.650994200497
280,27,0.685584092792
281,22,0.610397680199
282,26,0.713753106877
283,25,0.528956089478
284,23,0.666155758078
285,29,0.569801159901
286,30,0.655095277548
287,29,0.628790389395
288,24,0.658492129246
289,25,0.709403479702
290,28,0.703976801988
291,22,0.669304059652
292,30,0.630861640431
293,28,0.697887323944
294,31,0.638318144159
295,24,0.631110190555
296,26,0.646023198012
297,31,0.636122618061
298,26,0.65985915493
299,25,0.569801159901
300,29,0.671872410936
301,26,0.630530240265
302,23,0.659072079536
303,25,0.501781275891
304,31,0.707622203811
305,31,0.661350455675
306,34,0.692377796189
307,30,0.64125932063
308,27,0.618102734051
309,25,0.695608947804
310,35,0.711184755592
311,27,0.550124275062
312,28,0.646644573322
313,21,0.60642087821
314,24,0.723529411765
315,26,0.643786246893
316,23,0.6756006628
317,30,0.688483844242
318,32,0.689685169843
319,33,0.718144159072
320,33,0.798632974316
321,29,0.688111019056
322,28,0.704598177299
323,25,0.649130074565
324,33,0.745111847556
325,28,0.633098591549
326,30,0.665658657829
327,23,0.729204639602
328,28,0.635666942833
329,31,0.626470588235
330,29,0.684009942005
331,19,0.51222038111
332,30,0.624150787075
333,32,0.668765534383
334,28,0.593661971831
335,30,0.605882352941
336,30,0.602568351284
337,30,0.630488815244
338,27,0.593082021541
339,27,0.572162386081
340,29,0.748425849213
341,26,0.732228666114
342,28,0.692833471417
343,24,0.639188069594
344,33,0.730198840099
345,27,0.656089478045
346,26,0.606710853355
347,28,0.602775476388
348,27,0.661226180613
349,28,0.660231980116
350,29,0.708036454018
351,29,0.693537696769
352,32,0.631441590721
353,22,0.639975144988
354,23,0.634589892295
355,21,0.666362883181
356,23,0.68314001657
357,20,0.555468102734
358,27,0.628831814416
359,32,0.716984258492
360,29,0.597845898923
361,32,0.731151615576
362,31,0.614084507042
363,27,0.67613918807
364,21,0.709403479702
365,29,0.632601491301
366,23,0.638773819387
367,29,0.722908036454
368,28,0.633595691798
369,21,0.622038111019
370,26,0.648384424192
371,27,0.689975144988
372,24,0.637116818558
373,28,0.58082021541
374,29,0.716155758078
375,26,0.66628003314
376,24,0.654556752278
377,17,0.608367854184
378,32,0.671706710853
379,27,0.660729080365
380,30,0.673612261806
381,24,0.676884838442
382,25,0.656793703397
383,29,0.714457332229
384,26,0.64067937034
385,30,0.729494614747
386,27,0.656048053024
387,23,0.604349627175
388,27,0.651118475559
389,29,0.753935376968
390,33,0.57381938691
391,22,0.630115990058
392,31,0.661723280862
393,32,0.675683512842
394,23,0.638566694283
395,27,0.678914664457
396,21,0.635335542668
397,30,0.557746478873
398,30,0.752941176471
399,28,0.734838442419
400,31,0.623695111848
401,27,0.677216238608
402,23,0.669801159901
403,28,0.702941176471
404,29,0.650745650373
405,31,0.656793703397
406,29,0.71685998343
407,26,0.704556752278
408,30,0.644821872411
409,28,0.733015741508
410,30,0.645236122618
411,29,0.662924606462
412,22,0.589726594863
413,31,0.709942004971
414,27,0.69652029826
415,29,0.627133388567
416,21,0.610936205468
417,23,0.700745650373
418,29,0.686661143331
419,16,0.696851698426
420,30,0.710024855012
421,26,0.632684341342
422,28,0.675393537697
423,22,0.670049710025
424,30,0.629867439934
425,33,0.68024026512
426,29,0.648550124275
427,28,0.647348798674
428,29,0.635004142502
429,27,0.612013256007
430,9,0.492336371168
431,30,0.696147473074
432,31,0.660273405137
433,30,0.663090306545
434,20,0.659030654515
435,21,0.592129246065
436,26,0.732187241094
437,23,0.651242750621
438,21,0.681607290804
439,23,0.596603148302
440,30,0.725062137531
441,24,0.674813587407
442,28,0.656213753107
443,22,0.599751449876
444,29,0.630737365369
445,24,0.568475559238
446,27,0.637738193869
447,34,0.730985915493
448,25,0.700538525269
449,24,0.672493786247
450,22,0.716735708368
451,22,0.622369511185
452,22,0.698011599006
453,28,0.706130903065
454,21,0.593496271748
455,33,0.725849212925
456,25,0.62908036454
457,29,0.71396023198
458,21,0.645774647887
459,28,0.663918806959
460,33,0.723943661972
461,29,0.653852526926
462,27,0.649875724938
463,34,0.691714995857
464,34,0.699005799503
465,26,0.709196354598
466,32,0.636164043082
467,32,0.651657000829
468,28,0.632352941176
469,30,0.695608947804
470,20,0.624647887324
471,31,0.704722452361
472,21,0.559734879867
473,31,0.692667771334
474,22,0.628831814416
475,25,0.653396851698
476,25,0.65231980116
477,30,0.664457332229
478,22,0.725434962717
479,29,0.761888980944
480,27,0.637821043911
481,24,0.687241093621
482,32,0.637862468931
483,28,0.775434962717
484,23,0.60463960232
485,33,0.74884009942
486,32,0.572742336371
487,30,0.739063794532
488,22,0.645608947804
489,23,0.658947804474
490,23,0.599627174814
491,25,0.609154929577
492,27,0.669511184756
493,28,0.617854183927
494,27,0.632477216239
495,31,0.631607290804
496,30,0.751242750621
497,23,0.668972659486
498,32,0.738028169014
499,22,0.639022369511
500,23,0.463711681856
501,28,0.692543496272
502,27,0.669884009942
503,29,0.710563380282
504,31,0.651035625518
505,29,0.626222038111
506,22,0.660687655344
507,25,0.696727423364
508,25,0.674730737365
509,20,0.671458160729
510,32,0.715161557581
511,26,0.658367854184
512,25,0.603314001657
513,23,0.578666114333
514,25,0.675476387738
515,26,0.614871582436
516,30,0.713007456504
517,29,0.635832642916
518,29,0.658823529412
519,31,0.626677713339
520,24,0.705923777962
521,23,0.653106876553
522,19,0.561101905551
523,25,0.541010770505
524,27,0.662758906379
525,32,0.653521126761
526,29,0.706545153273
527,34,0.703893951947
528,24,0.628293289147
529,28,0.677961888981
530,28,0.660770505385
531,27,0.620049710025
532,23,0.692336371168
533,29,0.713173156587
534,30,0.720422535211
535,31,0.645608947804
536,27,0.608906379453
537,33,0.704142502071
538,28,0.613711681856
539,27,0.744283347142
540,25,0.611350455675
541,25,0.656835128418
542,22,0.651781275891
543,23,0.67323943662
544,26,0.678748964374
545,24,0.669428334714
546,23,0.642046396023
547,32,0.63545981773
548,26,0.567895608948
549,26,0.670422535211
550,22,0.712427506214
551,32,0.666238608119
552,31,0.69942004971
553,31,0.74478044739
554,35,0.664871582436
555,25,0.590637945319
556,32,0.645608947804
557,25,0.74014084507
558,21,0.647141673571
559,28,0.701284175642
560,30,0.70990057995
561,26,0.618931234466
562,24,0.657456503728
563,28,0.689188069594
564,31,0.707415078708
565,30,0.638898094449
566,34,0.708202154101
567,29,0.678790389395
568,22,0.567025683513
569,19,0.633844241922
570,23,0.678541839271
571,26,0.637738193869
572,27,0.700869925435
573,32,0.689063794532
574,30,0.785666942833
575,32,0.699047224524
576,31,0.755882352941
577,27,0.677091963546
578,33,0.761350455675
579,30,0.640223695112
580,30,0.684051367026
581,26,0.598508699254
582,29,0.582352941176
583,30,0.679991714996
584,25,0.654183927092
585,26,0.686743993372
586,24,0.674192212096
587,27,0.609362054681
588,26,0.62671913836
589,21,0.619386909693
590,29,0.748508699254
591,25,0.639353769677
592,28,0.726553438277
593,25,0.681772990886
594,23,0.614250207125
595,26,0.653106876553
596,27,0.62908036454
597,25,0.617854183927
598,26,0.671789560895
599,25,0.550745650373
600,22,0.635128417564
601,29,0.666777133389
602,27,0.629950289975
603,31,0.662344656172
604,28,0.713297431649
605,29,0.637075393538
606,33,0.70695940348
607,24,0.612344656172
608,25,0.592543496272
609,24,0.692170671085
610,32,0.69826014913
611,33,0.72908036454
612,30,0.728169014085
613,25,0.648757249379
614,34,0.660853355427
615,26,0.647390223695
616,27,0.586454018227
617,26,0.620629660315
618,25,0.571830985915
619,24,0.644946147473
620,17,0.543869096935
621,31,0.6243993372
622,23,0.657373653687
623,21,0.571913835957
624,21,0.65816072908
625,30,0.639478044739
626,26,0.621789560895
627,28,0.62381938691
628,24,0.638483844242
629,31,0.596354598177
630,24,0.68661971831
631,27,0.60753935377
632,24,0.619718309859
633,24,0.656338028169
634,28,0.632808616404
635,28,0.70753935377
636,24,0.646851698426
637,26,0.643206296603
638,29,0.635708367854
639,28,0.638815244408
640,33,0.714415907208
641,32,0.651532725766
642,24,0.584672742336
643,28,0.661143330572
644,25,0.690803645402
645,28,0.607705053853
646,30,0.614250207125
647,34,0.83545981773
648,35,0.689312344656
649,32,0.696934548467
650,31,0.680281690141
651,27,0.682145816073
652,32,0.61685998343
653,26,0.633057166529
654,23,0.636826843413
655,29,0.779121789561
656,25,0.707125103563
657,21,0.617647058824
658,30,0.581441590721
659,23,0.610563380282
660,27,0.681068765534
661,26,0.679577464789
662,25,0.601988400994
663,30,0.681110190555
664,27,0.643951946976
665,31,0.655095277548
666,29,0.727837613919
667,26,0.575434962717
668,31,0.631358740679
669,28,0.717647058824
670,18,0.535211267606
671,25,0.615990057995
672,30,0.605302402651
673,31,0.626056338028
674,30,0.65985915493
675,34,0.654681027341
676,28,0.721375310688
677,29,0.714871582436
678,32,0.724482187241
679,25,0.717522783761
680,31,0.693869096935
681,28,0.70405965203
682,27,0.600372825186
683,29,0.735874067937
684,32,0.699585749793
685,28,0.699544324772
686,25,0.666818558409
687,28,0.730654515327
688,33,0.611681855841
689,27,0.669304059652
690,31,0.732891466446
691,28,0.714415907208
692,24,0.665907207954
693,23,0.757829328915
694,26,0.6929991715
695,25,0.708782104391
696,24,0.592667771334
697,27,0.700745650373
698,32,0.710397680199
699,30,0.666404308202
700,27,0.617647058824
701,27,0.661391880696
702,29,0.618765534383
703,27,0.667812758906
704,25,0.637365368683
705,31,0.738649544325
706,30,0.70057995029
707,26,0.685376967688
708,27,0.609486329743
709,29,0.548301574151
710,27,0.660273405137
711,26,0.652154101077
712,28,0.650869925435
713,25,0.675807787904
714,28,0.726304888152
715,30,0.70816072908
716,23,0.684092792046
717,27,0.646064623032
718,28,0.657912178956
719,24,0.654598177299
720,30,0.586495443248
721,31,0.709154929577
722,22,0.656835128418
723,29,0.700124275062
724,32,0.677381938691
725,24,0.755468102734
726,29,0.65637945319
727,33,0.693289146645
728,26,0.651367025684
729,25,0.645236122618
730,21,0.616404308202
731,28,0.63893951947
732,34,0.69362054681
733,31,0.663877381939
734,27,0.6115990058
735,32,0.667771333886
736,24,0.687365368683
737,23,0.632684341342
738,30,0.677216238608
739,26,0.671789560895
740,32,0.692750621375
741,30,0.651491300746
742,31,0.647224523612
743,28,0.576801988401
744,32,0.608864954432
745,30,0.70874067937
746,30,0.660273405137
747,27,0.605716652858
748,27,0.693537696769
749,23,0.616487158244
750,28,0.623777961889
751,34,0.714001657001
752,28,0.745608947804
753,34,0.624233637117
754,27,0.795401822701
755,21,0.620753935377
756,28,0.568889809445
757,22,0.648715824358
758,24,0.655675227838
759,28,0.588276719138
760,32,0.686536868268
761,28,0.667108533554
762,23,0.734921292461
763,27,0.672742336371
764,28,0.686909693455
765,28,0.705509527755
766,32,0.657249378625
767,28,0.749917149959
768,33,0.734589892295
769,29,0.641756420878
770,31,0.692129246065
771,32,0.649792874896
772,26,0.543082021541
773,26,0.710811930406
774,21,0.703976801988
775,25,0.76338028169
776,34,0.735998342999
777,32,0.728831814416
778,31,0.619884009942
779,30,0.621168185584
780,21,0.565782932891
781,21,0.546106048053
782,23,0.636205468103
783,29,0.694614747307
784,29,0.668765534383
785,31,0.552195526098
786,34,0.698301574151
787,30,0.649627174814
788,24,0.62618061309
789,29,0.681193040597
790,21,0.65463960232
791,29,0.704888152444
792,32,0.615451532726
793,28,0.688318144159
794,33,0.726304888152
795,28,0.700124275062
796,24,0.484962717481
797,27,0.622452361226
798,36,0.582601491301
799,18,0.573198011599
800,25,0.687738193869
801,26,0.645774647887
802,28,0.710563380282
803,31,0.614830157415
804,25,0.679038939519
805,28,0.661474730737
806,35,0.70811930406
807,30,0.6256006628
808,32,0.714498757249
809,30,0.564125932063
810,33,0.650455675228
811,22,0.643330571665
812,16,0.65173985087
813,26,0.710066280033
814,21,0.64125932063
815,24,0.643744821872
816,30,0.686329743165
817,30,0.675766362883
818,23,0.597804473902
819,30,0.681897265949
820,27,0.669386909693
821,26,0.626636288318
822,24,0.591756420878
823,24,0.671789560895
824,28,0.600952775476
825,29,0.659403479702
826,25,0.678003314002
827,27,0.649502899751
828,25,0.653355426678
829,24,0.638483844242
830,28,0.603728251864
831,28,0.677961888981
832,31,0.713504556752
833,27,0.650869925435
834,25,0.690347970174
835,27,0.567729908865
836,25,0.647431648716
837,24,0.561971830986
838,28,0.679121789561
839,29,0.646851698426
840,29,0.609444904722
841,28,0.645111847556
842,29,0.643164871582
843,27,0.690306545153
844,32,0.660231980116
845,33,0.710107705054
846,26,0.663877381939
847,28,0.64188069594
848,27,0.583678541839
849,31,0.678376139188
850,26,0.642874896437
851,24,0.657912178956
852,28,0.692336371168
853,32,0.661184755592
854,26,0.690762220381
855,26,0.68198011599
856,20,0.541010770505
857,22,0.592253521127
858,29,0.713090306545
859,32,0.648798674399
860,26,0.62444076222
861,25,0.641217895609
862,30,0.619842584921
863,29,0.6814001657
864,29,0.621126760563
865,26,0.719469759735
866,27,0.640762220381
867,29,0.764498757249
868,28,0.645194697597
869,25,0.658989229495
870,28,0.672825186413
871,30,0.684382767191
872,24,0.658864954432
873,19,0.66222038111
874,25,0.627754763877
875,19,0.659942004971
876,28,0.63314001657
877,32,0.758202154101
878,24,0.67091963546
879,32,0.704391052196
880,28,0.728583264292
881,29,0.616694283347
882,18,0.654473902237
883,27,0.686495443248
884,31,0.602402651201
885,27,0.657705053853
886,27,0.682145816073
887,24,0.749585749793
888,29,0.620629660315
889,27,0.659693454847
890,33,0.625642087821
891,22,0.60985915493
892,26,0.686868268434
893,27,0.678873239437
894,27,0.711267605634
895,29,0.738442419221
896,30,0.67555923778
897,27,0.634382767191
898,27,0.633098591549
899,22,0.532932891466
900,24,0.653396851698
901,31,0.633347141674
902,21,0.558409279205
903,25,0.676097763049
904,25,0.667978458989
905,23,0.609113504557
906,26,0.650082850041
907,29,0.700165700083
908,27,0.605095277548
909,25,0.547928748964
910,28,0.630737365369
911,21,0.646271748136
912,26,0.640762220381
913,27,0.690430820215
914,27,0.630530240265
915,27,0.59942004971
916,31,0.603728251864
917,34,0.680903065452
918,29,0.651242750621
919,23,0.636785418393
920,23,0.664084507042
921,28,0.644573322287
922,19,0.556669428335
923,24,0.669345484673
924,26,0.609734879867
925,25,0.652112676056
926,31,0.642170671085
927,31,0.654556752278
928,27,0.650165700083
929,24,0.671996685998
930,25,0.722493786247
931,28,0.772328086164
932,26,0.680364540182
933,27,0.723073736537
934,33,0.689436619718
935,18,0.607332228666
936,30,0.521955260978
937,31,0.745028997514
938,30,0.680903065452
939,29,0.719304059652
940,32,0.6743993372
941,26,0.593827671914
942,32,0.694076222038
943,29,0.634134217067
944,26,0.698798674399
945,28,0.675310687655
946,27,0.635708367854
947,28,0.627547638774
948,30,0.729494614747
949,31,0.586454018227
950,28,0.595608947804
951,28,0.65231980116
952,24,0.627009113505
953,34,0.742212096106
954,28,0.571168185584
955,30,0.754556752278
956,28,0.630695940348
957,24,0.669386909693
958,31,0.65347970174
959,26,0.744697597349
960,31,0.699378624689
961,24,0.723322286661
962,23,0.691342170671
963,31,0.705923777962
964,26,0.634589892295
965,30,0.68256006628
966,26,0.567605633803
967,31,0.71338028169
968,29,0.697763048882
969,25,0.664788732394
970,28,0.653106876553
971,28,0.715244407622
972,31,0.668765534383
973,21,0.563214581607
974,30,0.728417564209
975,33,0.628293289147
976,21,0.626097763049
977,33,0.720132560066
978,31,0.652568351284
979,28,0.622866611433
980,23,0.685252692626
981,28,0.588856669428
982,32,0.702029826015
983,30,0.660107705054
984,34,0.666238608119
985,29,0.679701739851
986,29,0.650828500414
987,27,0.632601491301
988,22,0.629908864954
989,31,0.658616404308
990,30,0.668061309031
991,28,0.662096106048
992,28,0.634631317316
993,31,0.762468931234
994,25,0.630198840099
995,21,0.659113504557
996,28,0.610190555095
997,30,0.611681855841
998,29,0.671541010771
999,22,0.645608947804
