,BP_ref,holeyness
0,31,0.644324772162
1,22,0.526014913007
2,28,0.723322286661
3,26,0.549710024855
4,22,0.614208782104
5,29,0.678251864126
6,23,0.600082850041
7,22,0.75231980116
8,30,0.613794531897
9,25,0.612137531069
10,26,0.589436619718
11,25,0.591176470588
12,32,0.72265948633
13,26,0.609569179785
14,34,0.572908036454
15,28,0.647265948633
16,24,0.475393537697
17,19,0.488690969345
18,31,0.605302402651
19,31,0.649295774648
20,22,0.71106048053
21,21,0.492709196355
22,33,0.639602319801
23,31,0.651905550953
24,28,0.614374482187
25,18,0.546975973488
26,30,0.677713338857
27,28,0.670795360398
28,33,0.64125932063
29,23,0.600994200497
30,20,0.625103562552
31,24,0.605053852527
32,27,0.632684341342
33,34,0.61454018227
34,26,0.499875724938
35,27,0.623736536868
36,23,0.568351284176
37,26,0.606752278376
38,30,0.697597348799
39,25,0.640596520298
40,27,0.540845070423
41,30,0.677671913836
42,24,0.542087821044
43,31,0.680157415079
44,34,0.586288318144
45,28,0.609527754764
46,28,0.577464788732
47,22,0.61164043082
48,29,0.595070422535
49,29,0.527713338857
50,30,0.581938690969
51,25,0.672245236123
52,24,0.675310687655
53,24,0.552029826015
54,23,0.609072079536
55,23,0.699958574979
56,22,0.583181441591
57,26,0.694946147473
58,23,0.719511184756
59,31,0.651781275891
60,26,0.549171499586
61,29,0.640637945319
62,26,0.69942004971
63,27,0.663173156587
64,23,0.61917978459
65,25,0.529038939519
66,26,0.536329743165
67,25,0.626429163215
68,25,0.57497928749
69,29,0.65057995029
70,35,0.576677713339
71,32,0.69009942005
72,27,0.5884009942
73,28,0.629121789561
74,31,0.685874067937
75,27,0.658823529412
76,28,0.585708367854
77,21,0.586081193041
78,27,0.59710024855
79,28,0.7557995029
80,27,0.636081193041
81,29,0.646975973488
82,27,0.681938690969
83,33,0.666404308202
84,26,0.641383595692
85,31,0.531607290804
86,25,0.665617232809
87,31,0.625393537697
88,27,0.59710024855
89,28,0.589850869925
90,29,0.586329743165
91,31,0.645401822701
92,30,0.624067937034
93,18,0.543496271748
94,25,0.568889809445
95,32,0.577464788732
96,28,0.627257663629
97,29,0.681193040597
98,26,0.610853355427
99,24,0.744946147473
100,26,0.601988400994
101,33,0.709444904722
102,27,0.600207125104
103,27,0.559983429992
104,29,0.564913007457
105,24,0.628914664457
106,19,0.502526926263
107,25,0.654142502071
108,27,0.692336371168
109,32,0.628997514499
110,30,0.634009942005
111,29,0.666694283347
112,27,0.593206296603
113,24,0.637116818558
114,27,0.645277547639
115,29,0.60642087821
116,29,0.606876553438
117,32,0.664913007457
118,21,0.555053852527
119,27,0.613918806959
120,30,0.711350455675
121,30,0.603893951947
122,25,0.59130074565
123,16,0.512966031483
124,29,0.641135045568
125,24,0.714333057167
126,28,0.571168185584
127,29,0.576553438277
128,24,0.674482187241
129,27,0.529287489644
130,22,0.542584921292
131,30,0.707207953604
132,28,0.635501242751
133,25,0.654183927092
134,27,0.649212924606
135,29,0.631565865783
136,25,0.616942833471
137,19,0.548508699254
138,25,0.637531068766
139,23,0.620836785418
140,28,0.554432477216
141,30,0.709569179785
142,23,0.679121789561
143,30,0.5884009942
144,27,0.665575807788
145,31,0.640886495443
146,33,0.724026512013
147,29,0.577216238608
148,33,0.666818558409
149,34,0.606669428335
150,26,0.608077879039
151,26,0.621002485501
152,26,0.605426677713
153,34,0.615285832643
154,28,0.535749792875
155,27,0.663297431649
156,22,0.496230323115
157,23,0.539229494615
158,30,0.692336371168
159,25,0.707497928749
160,30,0.514913007457
161,26,0.61975973488
162,27,0.628831814416
163,27,0.524855012428
164,25,0.576097763049
165,32,0.64942004971
166,26,0.511143330572
167,21,0.651864125932
168,24,0.685418392709
169,30,0.694407622204
170,26,0.614167357084
171,28,0.603189726595
172,29,0.586454018227
173,28,0.620008285004
174,28,0.624192212096
175,31,0.607290803645
176,29,0.66043910522
177,25,0.574689312345
178,27,0.609030654515
179,29,0.588815244408
180,24,0.571623860812
181,29,0.57270091135
182,23,0.644656172328
183,28,0.544407622204
184,30,0.734921292461
185,25,0.642709196355
186,29,0.67033968517
187,33,0.677713338857
188,28,0.616735708368
189,30,0.678127589064
190,26,0.590347970174
191,19,0.571623860812
192,22,0.626014913007
193,29,0.545401822701
194,28,0.661309030655
195,30,0.666238608119
196,29,0.667605633803
197,28,0.563007456504
198,26,0.650704225352
199,20,0.642750621375
200,25,0.707497928749
201,24,0.582684341342
202,30,0.708616404308
203,30,0.603024026512
204,29,0.651781275891
205,19,0.502071251036
206,31,0.588856669428
207,28,0.607705053853
208,30,0.601118475559
209,23,0.601491300746
210,25,0.68371996686
211,25,0.582477216239
212,24,0.652692626346
213,26,0.644283347142
214,29,0.541632145816
215,11,0.589270919635
216,26,0.574192212096
217,27,0.571375310688
218,29,0.534672742336
219,26,0.580074565037
220,28,0.689188069594
221,24,0.498011599006
222,25,0.563794531897
223,21,0.539643744822
224,19,0.685211267606
225,24,0.645236122618
226,22,0.646727423364
227,26,0.606752278376
228,29,0.636702568351
229,31,0.570546810273
230,20,0.602941176471
231,30,0.582850041425
232,27,0.591425020713
233,25,0.72091963546
234,32,0.546893123447
235,27,0.654432477216
236,29,0.613835956918
237,31,0.619511184756
238,30,0.716238608119
239,25,0.599212924606
240,35,0.684548467274
241,25,0.621789560895
242,28,0.63951946976
243,32,0.619718309859
244,31,0.581317315659
245,27,0.547390223695
246,25,0.661474730737
247,29,0.689643744822
248,24,0.634548467274
249,27,0.557746478873
250,23,0.606172328086
251,26,0.607290803645
252,21,0.596851698426
253,32,0.643703396852
254,27,0.690306545153
255,29,0.60642087821
256,24,0.493082021541
257,21,0.677589063795
258,21,0.571458160729
259,26,0.645236122618
260,33,0.573322286661
261,26,0.570712510356
262,28,0.6371996686
263,24,0.62792046396
264,27,0.650165700083
265,24,0.673322286661
266,33,0.666942833471
267,23,0.497804473902
268,28,0.56106048053
269,32,0.624772162386
270,19,0.563794531897
271,32,0.675062137531
272,31,0.728541839271
273,30,0.6743993372
274,31,0.607787903894
275,28,0.619221209611
276,31,0.74362054681
277,24,0.661723280862
278,28,0.574150787075
279,29,0.634631317316
280,28,0.565368682684
281,28,0.597970173985
282,25,0.692129246065
283,25,0.566528583264
284,26,0.572286661143
285,26,0.568144159072
286,23,0.632352941176
287,29,0.641093620547
288,32,0.587406793703
289,18,0.586122618061
290,33,0.643082021541
291,28,0.614871582436
292,24,0.704349627175
293,22,0.607083678542
294,34,0.611143330572
295,26,0.646230323115
296,24,0.56570008285
297,22,0.612137531069
298,32,0.618309859155
299,32,0.54246064623
300,34,0.685749792875
301,26,0.688111019056
302,23,0.579991714996
303,28,0.692212096106
304,35,0.657953603977
305,26,0.541342170671
306,28,0.540057995029
307,23,0.590762220381
308,28,0.691466445733
309,26,0.734424192212
310,29,0.589105219553
311,29,0.652361226181
312,28,0.672328086164
313,26,0.687282518641
314,30,0.571955260978
315,30,0.592129246065
316,27,0.698135874068
317,27,0.582187241094
318,23,0.545567522784
319,31,0.692004971002
320,25,0.703976801988
321,30,0.695318972659
322,31,0.695153272577
323,26,0.620256835128
324,27,0.664457332229
325,28,0.600082850041
326,25,0.520422535211
327,28,0.697555923778
328,28,0.636785418393
329,27,0.561930405965
330,28,0.583885666943
331,26,0.541425020713
332,33,0.571748135874
333,22,0.640430820215
334,27,0.599668599834
335,24,0.565327257664
336,21,0.519096934548
337,24,0.664415907208
338,25,0.671872410936
339,29,0.603231151616
340,23,0.44067937034
341,27,0.617854183927
342,31,0.620422535211
343,21,0.682974316487
344,24,0.600124275062
345,29,0.646644573322
346,25,0.678541839271
347,32,0.642170671085
348,30,0.643082021541
349,29,0.562924606462
350,22,0.555012427506
351,29,0.632187241094
352,31,0.609817729909
353,23,0.660066280033
354,33,0.625973487987
355,27,0.57908036454
356,20,0.618061309031
357,31,0.66454018227
358,24,0.566031483016
359,20,0.537489643745
360,25,0.631690140845
361,27,0.566321458161
362,34,0.57323943662
363,26,0.650828500414
364,30,0.578790389395
365,21,0.636495443248
366,17,0.585749792875
367,23,0.378086164043
368,29,0.719221209611
369,30,0.465658657829
370,32,0.657705053853
371,28,0.646685998343
372,33,0.681565865783
373,26,0.553686826843
374,27,0.626677713339
375,20,0.404681027341
376,23,0.500911350456
377,23,0.562137531069
378,27,0.63777961889
379,27,0.688898094449
380,31,0.67497928749
381,25,0.630613090307
382,30,0.645070422535
383,25,0.577754763877
384,30,0.638732394366
385,32,0.665202982601
386,26,0.570049710025
387,26,0.628583264292
388,32,0.640265120133
389,28,0.5814001657
390,31,0.605385252693
391,31,0.610646230323
392,28,0.619469759735
393,29,0.705343827672
394,26,0.581855840928
395,25,0.667398508699
396,28,0.630944490472
397,25,0.652651201326
398,27,0.535294117647
399,27,0.616404308202
400,21,0.609652029826
401,27,0.6884009942
402,25,0.657332228666
403,23,0.675724937862
404,25,0.559652029826
405,27,0.628541839271
406,33,0.619345484673
407,30,0.632187241094
408,29,0.559196354598
409,27,0.630985915493
410,27,0.623446561723
411,21,0.581483015742
412,25,0.510687655344
413,23,0.652982601491
414,24,0.631483015742
415,26,0.504142502071
416,32,0.630033140017
417,25,0.569221209611
418,28,0.551532725766
419,18,0.605550952775
420,22,0.550165700083
421,32,0.753024026512
422,29,0.62328086164
423,33,0.649337199669
424,24,0.570629660315
425,28,0.61396023198
426,29,0.62265948633
427,33,0.633181441591
428,28,0.547017398509
429,26,0.556669428335
430,24,0.631317315659
431,27,0.640927920464
432,27,0.60637945319
433,30,0.669014084507
434,25,0.623198011599
435,28,0.628044739022
436,30,0.54125932063
437,22,0.667854183927
438,11,0.553148301574
439,32,0.603438276719
440,18,0.554763877382
441,29,0.59125932063
442,26,0.522535211268
443,26,0.630571665286
444,23,0.579204639602
445,19,0.559983429992
446,24,0.616362883181
447,28,0.633098591549
448,28,0.604722452361
449,28,0.628251864126
450,32,0.580530240265
451,27,0.597845898923
452,23,0.703852526926
453,23,0.628956089478
454,25,0.562096106048
455,28,0.588193869097
456,29,0.607207953604
457,31,0.666445733223
458,30,0.664001657001
459,30,0.545691797846
460,26,0.546354598177
461,22,0.639768019884
462,28,0.622535211268
463,29,0.530903065452
464,22,0.502775476388
465,29,0.680405965203
466,22,0.610107705054
467,29,0.704018227009
468,18,0.515534382767
469,21,0.600248550124
470,28,0.646851698426
471,29,0.650041425021
472,28,0.672949461475
473,27,0.705509527755
474,28,0.64362054681
475,25,0.643993371997
476,26,0.595028997514
477,31,0.633927091964
478,33,0.634714167357
479,28,0.6570008285
480,25,0.657249378625
481,27,0.60816072908
482,31,0.630737365369
483,22,0.63777961889
484,26,0.570091135046
485,32,0.626884838442
486,29,0.630985915493
487,23,0.56106048053
488,29,0.562054681027
489,25,0.603935376968
490,31,0.551574150787
491,29,0.601864125932
492,26,0.727837613919
493,18,0.524772162386
494,32,0.713545981773
495,27,0.569801159901
496,27,0.596975973488
497,31,0.61628003314
498,26,0.682808616404
499,23,0.687448218724
500,27,0.642294946147
501,27,0.710563380282
502,31,0.545691797846
503,30,0.487158243579
504,28,0.691756420878
505,27,0.628044739022
506,26,0.653521126761
507,26,0.575186412593
508,31,0.710521955261
509,26,0.665575807788
510,32,0.6185998343
511,25,0.592170671085
512,26,0.555633802817
513,24,0.622452361226
514,24,0.582021541011
515,27,0.525890637945
516,27,0.626843413422
517,30,0.603314001657
518,22,0.594614747307
519,25,0.681110190555
520,27,0.708782104391
521,25,0.666528583264
522,34,0.604018227009
523,30,0.607829328915
524,24,0.696106048053
525,26,0.57671913836
526,28,0.547224523612
527,23,0.705343827672
528,21,0.512013256007
529,23,0.629038939519
530,24,0.615037282519
531,27,0.658947804474
532,30,0.667812758906
533,29,0.672410936205
534,23,0.592667771334
535,28,0.637655343828
536,32,0.595111847556
537,30,0.608906379453
538,18,0.606793703397
539,26,0.615368682684
540,27,0.546975973488
541,30,0.603811101906
542,29,0.553355426678
543,29,0.569511184756
544,30,0.63487986744
545,34,0.671416735708
546,24,0.62618061309
547,26,0.576346313173
548,31,0.647887323944
549,28,0.574275062138
550,25,0.530903065452
551,27,0.588856669428
552,29,0.542792046396
553,30,0.634175642088
554,26,0.651615575808
555,30,0.57671913836
556,23,0.577589063795
557,29,0.610231980116
558,25,0.609817729909
559,26,0.504805302403
560,27,0.528997514499
561,28,0.642833471417
562,30,0.664830157415
563,29,0.637862468931
564,23,0.582394366197
565,27,0.638318144159
566,26,0.654846727423
567,28,0.66048053024
568,21,0.690596520298
569,30,0.638028169014
570,32,0.651657000829
571,26,0.635791217896
572,26,0.620132560066
573,25,0.653852526926
574,28,0.581317315659
575,27,0.593827671914
576,25,0.58956089478
577,33,0.700621375311
578,29,0.658326429163
579,24,0.60811930406
580,25,0.581855840928
581,24,0.614001657001
582,28,0.627381938691
583,28,0.681814415907
584,27,0.597638773819
585,28,0.56801988401
586,28,0.573943661972
587,30,0.615327257664
588,22,0.61743993372
589,30,0.730074565037
590,22,0.487945318973
591,25,0.616321458161
592,32,0.593661971831
593,31,0.569842584921
594,36,0.647473073737
595,27,0.578831814416
596,30,0.654763877382
597,25,0.60584092792
598,24,0.64183927092
599,27,0.710977630489
600,25,0.589105219553
601,31,0.499088649544
602,24,0.626843413422
603,30,0.599958574979
604,26,0.516777133389
605,34,0.603189726595
606,28,0.651822700911
607,29,0.640472245236
608,27,0.634341342171
609,30,0.648011599006
610,29,0.632062966031
611,34,0.640927920464
612,29,0.570588235294
613,21,0.660811930406
614,31,0.617274233637
615,30,0.61570008285
616,23,0.651698425849
617,23,0.645981772991
618,30,0.592667771334
619,30,0.471209610605
620,23,0.624482187241
621,23,0.668351284176
622,22,0.584672742336
623,32,0.616404308202
624,30,0.661806130903
625,21,0.607746478873
626,24,0.629328914664
627,28,0.700704225352
628,32,0.646106048053
629,26,0.647183098592
630,19,0.649958574979
631,26,0.665658657829
632,29,0.623985086993
633,24,0.669635459818
634,31,0.646975973488
635,25,0.60869925435
636,18,0.514415907208
637,27,0.562676056338
638,21,0.613587406794
639,27,0.672038111019
640,31,0.455716652858
641,30,0.621209610605
642,28,0.67149958575
643,29,0.681317315659
644,23,0.639685169843
645,26,0.559693454847
646,27,0.524772162386
647,31,0.643910521955
648,28,0.635584092792
649,27,0.65637945319
650,29,0.667729908865
651,24,0.598342999171
652,29,0.632767191384
653,20,0.590845070423
654,28,0.647265948633
655,24,0.658657829329
656,26,0.626014913007
657,31,0.617232808616
658,30,0.610066280033
659,27,0.600165700083
660,34,0.708326429163
661,28,0.648964374482
662,27,0.660231980116
663,26,0.651864125932
664,22,0.605095277548
665,32,0.592253521127
666,30,0.66454018227
667,25,0.652195526098
668,22,0.601988400994
669,33,0.704432477216
670,24,0.533637116819
671,31,0.596561723281
672,24,0.646893123447
673,26,0.72270091135
674,27,0.628873239437
675,22,0.682021541011
676,23,0.57212096106
677,29,0.726967688484
678,29,0.669055509528
679,30,0.69652029826
680,32,0.731483015742
681,23,0.625973487987
682,29,0.667315658658
683,27,0.604805302403
684,21,0.615907207954
685,28,0.669801159901
686,27,0.652195526098
687,29,0.667274233637
688,26,0.670215410108
689,27,0.586868268434
690,24,0.61338028169
691,24,0.5942004971
692,27,0.599461474731
693,28,0.612966031483
694,29,0.64826014913
695,24,0.623032311516
696,26,0.634382767191
697,29,0.641797845899
698,27,0.545733222867
699,29,0.635625517813
700,23,0.57502071251
701,31,0.644697597349
702,27,0.55115990058
703,26,0.551574150787
704,25,0.699585749793
705,18,0.686205468103
706,27,0.657912178956
707,32,0.6871996686
708,25,0.569138359569
709,27,0.62850041425
710,30,0.572286661143
711,28,0.609817729909
712,30,0.504681027341
713,31,0.643164871582
714,18,0.561847555924
715,31,0.647887323944
716,26,0.65695940348
717,26,0.611806130903
718,25,0.676014913007
719,20,0.624482187241
720,26,0.574233637117
721,28,0.548591549296
722,26,0.698053024027
723,31,0.614913007457
724,25,0.561930405965
725,29,0.512261806131
726,28,0.707953603977
727,28,0.560894780447
728,25,0.629618889809
729,28,0.612096106048
730,32,0.530157415079
731,26,0.569511184756
732,34,0.665202982601
733,26,0.638608119304
734,23,0.560604805302
735,26,0.606006628003
736,27,0.597058823529
737,26,0.635791217896
738,25,0.614705882353
739,30,0.663214581607
740,25,0.671830985915
741,30,0.631483015742
742,23,0.663711681856
743,28,0.662303231152
744,26,0.610521955261
745,31,0.585004142502
746,29,0.685294117647
747,26,0.565078707539
748,30,0.613173156587
749,16,0.665658657829
750,20,0.559527754764
751,21,0.544324772162
752,29,0.564291632146
753,25,0.606586578293
754,26,0.650662800331
755,26,0.540430820215
756,25,0.659817729909
757,30,0.600787075394
758,26,0.601367025684
759,24,0.629618889809
760,29,0.683264291632
761,21,0.617978458989
762,28,0.628541839271
763,33,0.626801988401
764,32,0.607663628832
765,23,0.488649544325
766,27,0.627630488815
767,25,0.606835128418
768,24,0.65869925435
769,28,0.588649544325
770,30,0.593744821872
771,22,0.578251864126
772,24,0.480157415079
773,33,0.59594034797
774,25,0.581607290804
775,33,0.62671913836
776,30,0.623073736537
777,29,0.690637945319
778,27,0.588193869097
779,25,0.550994200497
780,29,0.719096934548
781,31,0.678914664457
782,30,0.694449047225
783,23,0.467564208782
784,26,0.623985086993
785,27,0.64125932063
786,25,0.652816901408
787,23,0.540430820215
788,17,0.6371996686
789,26,0.613545981773
790,32,0.67265948633
791,28,0.63198011599
792,25,0.665534382767
793,20,0.536992543496
794,32,0.683512841756
795,23,0.546727423364
796,30,0.681648715824
797,31,0.657207953604
798,23,0.589146644573
799,20,0.554183927092
800,28,0.669635459818
801,29,0.609196354598
802,31,0.653189726595
803,30,0.662551781276
804,28,0.621582435791
805,27,0.682311516156
806,26,0.67787903894
807,22,0.605633802817
808,26,0.678666114333
809,23,0.610646230323
810,30,0.650621375311
811,22,0.599627174814
812,17,0.657415078708
813,31,0.683678541839
814,32,0.636951118476
815,32,0.632725766363
816,30,0.736992543496
817,28,0.686205468103
818,33,0.681358740679
819,31,0.588152444076
820,23,0.573322286661
821,23,0.676387738194
822,23,0.632311516156
823,33,0.702112676056
824,22,0.451574150787
825,33,0.704183927092
826,27,0.550662800331
827,25,0.598798674399
828,26,0.645277547639
829,30,0.675642087821
830,30,0.590803645402
831,29,0.546768848384
832,32,0.65526097763
833,29,0.676553438277
834,32,0.665037282519
835,27,0.642170671085
836,27,0.645070422535
837,29,0.623363711682
838,29,0.668889809445
839,32,0.617647058824
840,25,0.656586578293
841,30,0.67444076222
842,28,0.614788732394
843,27,0.565782932891
844,31,0.647763048882
845,23,0.686495443248
846,24,0.594531897266
847,23,0.623032311516
848,18,0.560356255178
849,25,0.559734879867
850,23,0.583471416736
851,31,0.671251035626
852,24,0.683844241922
853,28,0.630695940348
854,27,0.735252692626
855,21,0.630613090307
856,29,0.632104391052
857,26,0.652692626346
858,21,0.626014913007
859,25,0.687282518641
860,23,0.67676056338
861,25,0.610853355427
862,24,0.616652858326
863,30,0.586371168186
864,25,0.683595691798
865,26,0.705758077879
866,26,0.581483015742
867,32,0.680323115162
868,29,0.640969345485
869,30,0.628666114333
870,29,0.69768019884
871,24,0.576387738194
872,32,0.668972659486
873,26,0.615948632974
874,30,0.593869096935
875,27,0.564084507042
876,23,0.582270091135
877,29,0.654722452361
878,25,0.669262634631
879,32,0.624357912179
880,31,0.622369511185
881,26,0.495733222867
882,29,0.639436619718
883,27,0.688028169014
884,24,0.650041425021
885,30,0.629908864954
886,28,0.609237779619
887,29,0.696603148302
888,24,0.646023198012
889,24,0.629743164872
890,28,0.672493786247
891,26,0.663670256835
892,31,0.647431648716
893,29,0.593910521955
894,28,0.731317315659
895,29,0.582311516156
896,27,0.601988400994
897,26,0.514457332229
898,23,0.560563380282
899,28,0.567771333886
900,27,0.629038939519
901,27,0.655633802817
902,29,0.581565865783
903,26,0.572245236123
904,29,0.631317315659
905,26,0.5628003314
906,31,0.613545981773
907,30,0.693206296603
908,33,0.672369511185
909,27,0.602029826015
910,25,0.736412593206
911,31,0.562551781276
912,23,0.564043082022
913,31,0.662013256007
914,30,0.52734051367
915,22,0.687241093621
916,26,0.607456503728
917,28,0.588566694283
918,26,0.639395194698
919,26,0.608285004143
920,23,0.560397680199
921,25,0.656545153273
922,28,0.615782932891
923,29,0.676097763049
924,26,0.587075393538
925,26,0.689188069594
926,32,0.613338856669
927,26,0.492212096106
928,29,0.595816072908
929,24,0.521126760563
930,26,0.602734051367
931,31,0.609113504557
932,29,0.633222866611
933,37,0.578583264292
934,25,0.626263463132
935,27,0.507415078708
936,25,0.684009942005
937,32,0.661474730737
938,26,0.708450704225
939,21,0.637282518641
940,32,0.62734051367
941,36,0.679121789561
942,30,0.55463960232
943,27,0.569552609776
944,23,0.621789560895
945,29,0.646768848384
946,25,0.584631317316
947,31,0.750538525269
948,34,0.676387738194
949,30,0.7057995029
950,34,0.692336371168
951,34,0.67386081193
952,27,0.601822700911
953,33,0.647845898923
954,30,0.560231980116
955,34,0.661309030655
956,30,0.610853355427
957,25,0.542750621375
958,27,0.648591549296
959,22,0.575766362883
960,25,0.533222866611
961,29,0.663090306545
962,29,0.652485501243
963,29,0.677257663629
964,26,0.60347970174
965,37,0.521913835957
966,22,0.66454018227
967,23,0.54768019884
968,31,0.646147473074
969,30,0.64183927092
970,22,0.651035625518
971,29,0.536951118476
972,25,0.683429991715
973,30,0.609237779619
974,27,0.611557580779
975,27,0.635294117647
976,29,0.647224523612
977,23,0.586329743165
978,31,0.621582435791
979,29,0.608326429163
980,27,0.635666942833
981,23,0.581317315659
982,30,0.668434134217
983,25,0.695691797846
984,25,0.559569179785
985,28,0.592874896437
986,21,0.559610604805
987,32,0.698094449047
988,27,0.60990057995
989,20,0.633098591549
990,25,0.646768848384
991,25,0.681193040597
992,23,0.652775476388
993,22,0.648550124275
994,33,0.688318144159
995,25,0.668931234466
996,28,0.666694283347
997,30,0.613090306545
998,25,0.541135045568
999,23,0.653686826843
