,BP_ref,holeyness
0,29,0.503231151616
1,25,0.739809444905
2,24,0.611971830986
3,19,0.53603976802
4,29,0.590969345485
5,30,0.572866611433
6,23,0.50758077879
7,34,0.554101077051
8,29,0.662510356255
9,28,0.640969345485
10,21,0.619884009942
11,33,0.54241922121
12,22,0.541632145816
13,28,0.54125932063
14,34,0.64130074565
15,24,0.62323943662
16,26,0.65526097763
17,23,0.647307373654
18,28,0.666114333057
19,23,0.63603976802
20,28,0.681772990886
21,26,0.652526926263
22,20,0.529784589892
23,24,0.53893951947
24,23,0.424233637117
25,25,0.645608947804
26,27,0.593537696769
27,29,0.564415907208
28,22,0.700289975145
29,30,0.551284175642
30,21,0.511557580779
31,27,0.534714167357
32,23,0.480033140017
33,27,0.638690969345
34,26,0.529246064623
35,32,0.582311516156
36,28,0.655343827672
37,35,0.710273405137
38,26,0.500538525269
39,30,0.52613918807
40,26,0.631814415907
41,32,0.635542667771
42,28,0.631110190555
43,21,0.526304888152
44,27,0.565078707539
45,30,0.703976801988
46,24,0.591093620547
47,28,0.600414250207
48,27,0.51222038111
49,26,0.479743164872
50,28,0.66043910522
51,26,0.504556752278
52,27,0.501284175642
53,30,0.581441590721
54,32,0.620505385253
55,32,0.721789560895
56,29,0.610190555095
57,32,0.642336371168
58,26,0.625724937862
59,26,0.539229494615
60,22,0.562013256007
61,21,0.60463960232
62,30,0.584382767191
63,21,0.553728251864
64,26,0.602071251036
65,21,0.646934548467
66,29,0.587489643745
67,21,0.530198840099
68,32,0.530074565037
69,25,0.623777961889
70,25,0.6243993372
71,16,0.675724937862
72,27,0.601532725766
73,34,0.424109362055
74,24,0.561764705882
75,26,0.580613090307
76,24,0.521789560895
77,26,0.646975973488
78,26,0.609403479702
79,25,0.623487986744
80,33,0.665078707539
81,31,0.592750621375
82,29,0.660149130075
83,24,0.469925434963
84,26,0.587033968517
85,34,0.5942004971
86,27,0.583761391881
87,28,0.556752278376
88,30,0.625517812759
89,27,0.524937862469
90,32,0.649834299917
91,32,0.549502899751
92,24,0.457249378625
93,28,0.630405965203
94,23,0.53429991715
95,29,0.655923777962
96,21,0.514705882353
97,25,0.540389395195
98,23,0.612634631317
99,27,0.620381110191
100,29,0.670795360398
101,31,0.679867439934
102,30,0.584507042254
103,28,0.614788732394
104,29,0.478790389395
105,24,0.502858326429
106,25,0.669718309859
107,25,0.641176470588
108,33,0.489726594863
109,29,0.595028997514
110,26,0.689809444905
111,23,0.570381110191
112,29,0.602941176471
113,29,0.547307373654
114,26,0.649917149959
115,32,0.646934548467
116,29,0.611267605634
117,27,0.530778790389
118,29,0.656545153273
119,24,0.578458989229
120,34,0.755095277548
121,30,0.635128417564
122,25,0.528417564209
123,27,0.547348798674
124,23,0.607746478873
125,32,0.552112676056
126,25,0.705675227838
127,28,0.536951118476
128,26,0.753065451533
129,29,0.64652029826
130,25,0.716818558409
131,29,0.592750621375
132,30,0.594324772162
133,25,0.489063794532
134,29,0.581027340514
135,33,0.635542667771
136,24,0.463297431649
137,24,0.633927091964
138,27,0.680033140017
139,21,0.581607290804
140,29,0.549875724938
141,27,0.578666114333
142,29,0.59188069594
143,28,0.577630488815
144,28,0.492170671085
145,25,0.552941176471
146,32,0.677009113505
147,26,0.664125932063
148,21,0.668434134217
149,26,0.665451532726
150,26,0.489229494615
151,26,0.627630488815
152,30,0.658077879039
153,20,0.715327257664
154,28,0.542584921292
155,33,0.630654515327
156,23,0.653603976802
157,29,0.621748135874
158,21,0.511723280862
159,23,0.573198011599
160,24,0.720629660315
161,27,0.537903893952
162,26,0.540182270091
163,27,0.666694283347
164,32,0.534962717481
165,26,0.640513670257
166,27,0.653645401823
167,25,0.598632974316
168,24,0.568765534383
169,27,0.576263463132
170,24,0.61454018227
171,30,0.626263463132
172,20,0.55115990058
173,28,0.543454846727
174,28,0.664457332229
175,26,0.688525269263
176,27,0.561226180613
177,25,0.519345484673
178,20,0.561226180613
179,27,0.59357912179
180,21,0.587448218724
181,31,0.609776304888
182,31,0.547555923778
183,29,0.487903893952
184,25,0.549875724938
185,29,0.629577464789
186,30,0.597804473902
187,19,0.569386909693
188,29,0.685915492958
189,26,0.505633802817
190,25,0.658202154101
191,28,0.584548467274
192,24,0.663711681856
193,23,0.579370339685
194,21,0.6756006628
195,18,0.568227009114
196,24,0.613007456504
197,22,0.553189726595
198,25,0.540927920464
199,23,0.582891466446
200,30,0.53314001657
201,33,0.674855012428
202,25,0.501822700911
203,28,0.573695111848
204,28,0.615907207954
205,27,0.571789560895
206,26,0.621789560895
207,26,0.603521126761
208,29,0.560190555095
209,30,0.593744821872
210,31,0.490265120133
211,31,0.610397680199
212,29,0.62729908865
213,29,0.622410936205
214,30,0.485874067937
215,27,0.626801988401
216,29,0.577423363712
217,30,0.57323943662
218,27,0.533554266777
219,21,0.636951118476
220,27,0.589643744822
221,27,0.541756420878
222,27,0.482642916321
223,22,0.662427506214
224,30,0.541425020713
225,27,0.641093620547
226,31,0.623198011599
227,24,0.517522783761
228,21,0.642046396023
229,24,0.601946975973
230,31,0.659444904722
231,24,0.534134217067
232,31,0.631317315659
233,30,0.531690140845
234,26,0.711847555924
235,24,0.550828500414
236,28,0.544821872411
237,29,0.564995857498
238,33,0.666487158244
239,27,0.579453189727
240,26,0.521458160729
241,29,0.630115990058
242,29,0.596561723281
243,23,0.572908036454
244,31,0.625517812759
245,21,0.538608119304
246,30,0.612966031483
247,28,0.477216238608
248,28,0.508450704225
249,28,0.655095277548
250,23,0.575849212925
251,34,0.571582435791
252,31,0.588193869097
253,26,0.624482187241
254,29,0.655882352941
255,26,0.469925434963
256,27,0.661557580779
257,26,0.60695940348
258,31,0.606835128418
259,32,0.526553438277
260,25,0.595816072908
261,21,0.602858326429
262,23,0.606917978459
263,27,0.513753106877
264,25,0.559983429992
265,28,0.627547638774
266,32,0.534548467274
267,31,0.621665285833
268,29,0.648135874068
269,23,0.575973487987
270,28,0.520049710025
271,27,0.693661971831
272,26,0.62618061309
273,26,0.589436619718
274,29,0.55115990058
275,29,0.633388566694
276,28,0.585418392709
277,23,0.525476387738
278,29,0.612386081193
279,26,0.663048881524
280,23,0.551284175642
281,26,0.594324772162
282,27,0.729536039768
283,20,0.631483015742
284,32,0.619801159901
285,20,0.501946975973
286,25,0.632062966031
287,28,0.648798674399
288,28,0.627091963546
289,27,0.602278376139
290,27,0.678044739022
291,24,0.627381938691
292,32,0.600041425021
293,24,0.550372825186
294,19,0.551035625518
295,28,0.582435791218
296,24,0.609196354598
297,21,0.689892294946
298,28,0.560894780447
299,26,0.611309030655
300,22,0.598591549296
301,21,0.557787903894
302,27,0.580323115162
303,20,0.580944490472
304,32,0.596064623032
305,28,0.604225352113
306,32,0.586702568351
307,24,0.573156586578
308,31,0.747638773819
309,33,0.648177299089
310,30,0.563256006628
311,21,0.504971002486
312,31,0.585832642916
313,27,0.500414250207
314,31,0.617688483844
315,30,0.602526926263
316,31,0.61512013256
317,29,0.622825186413
318,27,0.54415907208
319,24,0.608823529412
320,25,0.584009942005
321,27,0.470256835128
322,24,0.621085335543
323,26,0.633057166529
324,26,0.621582435791
325,31,0.578956089478
326,26,0.474813587407
327,29,0.623198011599
328,27,0.674689312345
329,30,0.600621375311
330,27,0.555302402651
331,26,0.570629660315
332,27,0.519386909693
333,29,0.494407622204
334,32,0.637945318973
335,30,0.69652029826
336,32,0.611764705882
337,25,0.557083678542
338,26,0.604722452361
339,27,0.560356255178
340,21,0.618682684341
341,28,0.629826014913
342,29,0.63603976802
343,24,0.576429163215
344,27,0.54473902237
345,23,0.53893951947
346,24,0.592004971002
347,27,0.613131731566
348,32,0.577713338857
349,29,0.653852526926
350,33,0.587489643745
351,32,0.648135874068
352,30,0.696064623032
353,32,0.593454846727
354,29,0.522825186413
355,27,0.571623860812
356,24,0.649171499586
357,24,0.67091963546
358,29,0.464664457332
359,31,0.58777961889
360,31,0.538276719138
361,27,0.558657829329
362,28,0.625766362883
363,28,0.614871582436
364,35,0.411226180613
365,29,0.544324772162
366,31,0.643910521955
367,27,0.703811101906
368,27,0.635086992543
369,17,0.504183927092
370,29,0.57729908865
371,28,0.54125932063
372,26,0.59652029826
373,29,0.48956089478
374,30,0.657787903894
375,30,0.607953603977
376,31,0.602071251036
377,26,0.460521955261
378,24,0.552402651201
379,22,0.54357912179
380,22,0.60115990058
381,27,0.586412593206
382,34,0.609693454847
383,29,0.528790389395
384,29,0.658616404308
385,29,0.50637945319
386,24,0.621416735708
387,30,0.627133388567
388,28,0.520422535211
389,25,0.646685998343
390,20,0.639105219553
391,27,0.610563380282
392,23,0.558989229495
393,29,0.55695940348
394,28,0.675683512842
395,32,0.631234465617
396,28,0.563256006628
397,31,0.693869096935
398,24,0.701491300746
399,21,0.550124275062
400,29,0.669345484673
401,29,0.568351284176
402,27,0.523405136703
403,28,0.615202982601
404,24,0.568102734051
405,29,0.626056338028
406,25,0.487655343828
407,27,0.663214581607
408,29,0.70405965203
409,25,0.534465617233
410,30,0.586246893123
411,24,0.610936205468
412,24,0.626387738194
413,30,0.655923777962
414,23,0.579328914664
415,33,0.521582435791
416,29,0.490306545153
417,25,0.5570008285
418,31,0.5615990058
419,23,0.602444076222
420,27,0.491052195526
421,26,0.64188069594
422,23,0.56454018227
423,30,0.674109362055
424,28,0.523363711682
425,27,0.707290803645
426,25,0.4884009942
427,30,0.573777961889
428,31,0.626967688484
429,30,0.596271748136
430,29,0.573405136703
431,27,0.606628003314
432,24,0.564498757249
433,19,0.557870753935
434,28,0.589478044739
435,21,0.524565037283
436,26,0.512468931234
437,29,0.577506213753
438,30,0.556835128418
439,31,0.647265948633
440,29,0.530281690141
441,28,0.639022369511
442,30,0.555882352941
443,28,0.608823529412
444,20,0.485956917978
445,28,0.607166528583
446,31,0.590845070423
447,24,0.561681855841
448,25,0.607870753935
449,28,0.541135045568
450,28,0.656876553438
451,24,0.597307373654
452,30,0.61628003314
453,30,0.565617232809
454,31,0.681358740679
455,24,0.548053024027
456,29,0.614830157415
457,32,0.745857497929
458,29,0.524109362055
459,26,0.571955260978
460,23,0.664457332229
461,21,0.574730737365
462,23,0.681234465617
463,28,0.616735708368
464,25,0.599751449876
465,29,0.603065451533
466,28,0.636868268434
467,26,0.610853355427
468,25,0.610024855012
469,20,0.486495443248
470,24,0.515327257664
471,26,0.582642916321
472,31,0.559693454847
473,30,0.525973487987
474,29,0.669345484673
475,26,0.673612261806
476,25,0.544324772162
477,27,0.557663628832
478,23,0.613007456504
479,26,0.572990886495
480,25,0.414125932063
481,22,0.629784589892
482,26,0.528169014085
483,33,0.659776304888
484,20,0.561350455675
485,21,0.471541010771
486,30,0.576677713339
487,26,0.559776304888
488,30,0.571830985915
489,20,0.596147473074
490,31,0.641425020713
491,25,0.564167357084
492,27,0.523777961889
493,26,0.45347970174
494,25,0.612261806131
495,25,0.65695940348
496,34,0.693413421707
497,21,0.571251035626
498,33,0.678707539354
499,31,0.586288318144
500,31,0.596106048053
501,18,0.334797017399
502,29,0.52850041425
503,18,0.649502899751
504,21,0.464788732394
505,28,0.583222866611
506,29,0.658782104391
507,31,0.602029826015
508,24,0.536743993372
509,27,0.663214581607
510,24,0.587696768848
511,29,0.672410936205
512,25,0.626677713339
513,22,0.483802816901
514,26,0.535376967688
515,28,0.51338028169
516,31,0.596064623032
517,26,0.651201325601
518,26,0.538193869097
519,28,0.5314001657
520,32,0.59942004971
521,28,0.608243579122
522,23,0.577547638774
523,26,0.602029826015
524,27,0.6384009942
525,27,0.487489643745
526,33,0.613877381939
527,23,0.511971830986
528,25,0.655136702568
529,25,0.593164871582
530,28,0.590306545153
531,32,0.638111019056
532,30,0.409030654515
533,24,0.593123446562
534,32,0.645981772991
535,25,0.593786246893
536,27,0.574275062138
537,25,0.585749792875
538,32,0.642170671085
539,28,0.6256006628
540,17,0.540886495443
541,28,0.629577464789
542,25,0.623487986744
543,26,0.499627174814
544,30,0.562137531069
545,33,0.628334714167
546,27,0.613256006628
547,29,0.592212096106
548,21,0.577257663629
549,27,0.542212096106
550,31,0.704142502071
551,21,0.561391880696
552,27,0.662178956089
553,26,0.646851698426
554,17,0.472038111019
555,19,0.608616404308
556,30,0.578790389395
557,25,0.527009113505
558,28,0.533347141674
559,27,0.713214581607
560,28,0.621748135874
561,29,0.57497928749
562,29,0.576677713339
563,36,0.515202982601
564,24,0.591549295775
565,34,0.611350455675
566,30,0.576222038111
567,25,0.637655343828
568,18,0.584051367026
569,26,0.589892294946
570,26,0.514250207125
571,27,0.564623032312
572,22,0.627050538525
573,27,0.542874896437
574,29,0.566362883181
575,29,0.600124275062
576,29,0.584258492129
577,24,0.624482187241
578,27,0.562427506214
579,27,0.586081193041
580,31,0.621872410936
581,22,0.470546810273
582,26,0.540637945319
583,24,0.5884009942
584,22,0.528376139188
585,24,0.651946975973
586,25,0.518931234466
587,30,0.646354598177
588,27,0.630323115162
589,21,0.542046396023
590,36,0.566072908036
591,31,0.6243993372
592,24,0.547058823529
593,24,0.563587406794
594,35,0.505758077879
595,23,0.548964374482
596,29,0.676967688484
597,29,0.631027340514
598,15,0.590555095278
599,22,0.597224523612
600,25,0.55816072908
601,30,0.568765534383
602,23,0.584217067109
603,29,0.761101905551
604,26,0.653852526926
605,34,0.695111847556
606,34,0.666031483016
607,31,0.576843413422
608,34,0.542833471417
609,28,0.61043910522
610,30,0.64473902237
611,25,0.671458160729
612,26,0.520256835128
613,27,0.607953603977
614,31,0.715451532726
615,27,0.701077050539
616,35,0.513090306545
617,27,0.519345484673
618,28,0.624855012428
619,33,0.630488815244
620,26,0.511226180613
621,26,0.567771333886
622,31,0.595608947804
623,23,0.6314001657
624,26,0.470091135046
625,28,0.454846727423
626,31,0.621416735708
627,24,0.614457332229
628,22,0.610356255178
629,27,0.454142502071
630,27,0.533471416736
631,31,0.641093620547
632,25,0.598094449047
633,33,0.563504556752
634,28,0.619718309859
635,26,0.668972659486
636,29,0.642874896437
637,23,0.568972659486
638,27,0.523736536868
639,25,0.612634631317
640,26,0.625434962717
641,26,0.503893951947
642,26,0.628417564209
643,25,0.557746478873
644,27,0.549917149959
645,25,0.607870753935
646,19,0.62787903894
647,26,0.568227009114
648,33,0.570712510356
649,28,0.556628003314
650,28,0.66743993372
651,29,0.611184755592
652,30,0.610314830157
653,31,0.65
654,25,0.651284175642
655,29,0.579867439934
656,16,0.594531897266
657,26,0.562510356255
658,23,0.665617232809
659,22,0.521665285833
660,34,0.592129246065
661,24,0.689643744822
662,13,0.374606462303
663,26,0.551905550953
664,30,0.619428334714
665,25,0.619055509528
666,31,0.654473902237
667,30,0.618931234466
668,28,0.591632145816
669,34,0.598053024027
670,34,0.603893951947
671,25,0.691135045568
672,29,0.594283347142
673,23,0.640472245236
674,20,0.58198011599
675,27,0.623777961889
676,27,0.613463131732
677,27,0.637406793703
678,22,0.594034797017
679,27,0.554432477216
680,28,0.546188898094
681,35,0.557953603977
682,27,0.541797845899
683,26,0.631151615576
684,23,0.464871582436
685,29,0.560149130075
686,26,0.639312344656
687,26,0.560024855012
688,32,0.478873239437
689,27,0.573943661972
690,33,0.604556752278
691,29,0.620712510356
692,30,0.486992543496
693,27,0.569552609776
694,26,0.679618889809
695,31,0.647183098592
696,33,0.491466445733
697,24,0.520049710025
698,27,0.638193869097
699,22,0.52850041425
700,30,0.668392709196
701,28,0.684548467274
702,31,0.517025683513
703,27,0.485128417564
704,27,0.621126760563
705,32,0.622825186413
706,31,0.486371168186
707,25,0.526594863297
708,18,0.537033968517
709,20,0.536081193041
710,31,0.626346313173
711,30,0.516114333057
712,27,0.613131731566
713,26,0.479163214582
714,32,0.610024855012
715,19,0.548467274234
716,25,0.528997514499
717,27,0.508077879039
718,29,0.588152444076
719,28,0.619718309859
720,22,0.589602319801
721,30,0.579536039768
722,24,0.563628831814
723,25,0.689188069594
724,27,0.68371996686
725,28,0.625932062966
726,33,0.570422535211
727,29,0.554432477216
728,34,0.63777961889
729,28,0.627671913836
730,27,0.520422535211
731,27,0.560397680199
732,28,0.668931234466
733,25,0.60405965203
734,29,0.62033968517
735,26,0.494283347142
736,28,0.610853355427
737,34,0.736454018227
738,26,0.579494614747
739,23,0.581234465617
740,30,0.512303231152
741,22,0.510314830157
742,31,0.724730737365
743,27,0.61106048053
744,32,0.665534382767
745,25,0.52444076222
746,23,0.520381110191
747,23,0.497514498757
748,25,0.618806959403
749,28,0.720671085336
750,28,0.637696768848
751,28,0.489933719967
752,26,0.70347970174
753,30,0.683015741508
754,19,0.568889809445
755,25,0.546437448219
756,25,0.536743993372
757,25,0.530447390224
758,23,0.683802816901
759,24,0.482518641259
760,28,0.603976801988
761,20,0.470961060481
762,21,0.569511184756
763,31,0.705592377796
764,22,0.424565037283
765,26,0.6185998343
766,22,0.571416735708
767,23,0.619594034797
768,31,0.559693454847
769,24,0.550828500414
770,27,0.511681855841
771,28,0.50347970174
772,28,0.531814415907
773,18,0.401242750621
774,31,0.609030654515
775,26,0.57671913836
776,30,0.512924606462
777,25,0.596603148302
778,26,0.553148301574
779,22,0.526387738194
780,24,0.487572493786
781,34,0.63429991715
782,24,0.647555923778
783,30,0.546851698426
784,31,0.662634631317
785,28,0.684714167357
786,22,0.59188069594
787,30,0.626470588235
788,29,0.587365368683
789,30,0.531565865783
790,22,0.582477216239
791,26,0.63603976802
792,29,0.500911350456
793,24,0.683512841756
794,26,0.60289975145
795,25,0.494324772162
796,21,0.646188898094
797,30,0.641632145816
798,28,0.48371996686
799,30,0.546437448219
800,28,0.610729080365
801,23,0.617067108534
802,26,0.633678541839
803,27,0.557622203811
804,29,0.693910521955
805,30,0.623570836785
806,30,0.587365368683
807,26,0.582974316487
808,31,0.527589063795
809,29,0.669345484673
810,25,0.529991714996
811,25,0.657415078708
812,33,0.724730737365
813,31,0.547555923778
814,29,0.5243993372
815,26,0.556338028169
816,27,0.623943661972
817,30,0.604349627175
818,26,0.548922949461
819,26,0.60642087821
820,26,0.67328086164
821,29,0.633264291632
822,28,0.642046396023
823,30,0.422328086164
824,23,0.5243993372
825,30,0.570215410108
826,25,0.451242750621
827,29,0.591549295775
828,33,0.630323115162
829,32,0.64884009942
830,31,0.588442419221
831,26,0.665078707539
832,31,0.672783761392
833,26,0.650414250207
834,30,0.606586578293
835,27,0.566777133389
836,28,0.499461474731
837,29,0.672908036454
838,26,0.518061309031
839,28,0.603562551781
840,31,0.54652029826
841,29,0.587406793703
842,34,0.674689312345
843,32,0.468392709196
844,26,0.615368682684
845,32,0.611806130903
846,29,0.68951946976
847,30,0.5871996686
848,24,0.514995857498
849,30,0.531193040597
850,27,0.597928748964
851,31,0.715410107705
852,24,0.539395194698
853,31,0.512758906379
854,26,0.561474730737
855,28,0.528914664457
856,27,0.610107705054
857,28,0.556130903065
858,30,0.620505385253
859,27,0.46164043082
860,21,0.606255178128
861,27,0.614871582436
862,31,0.636164043082
863,26,0.527796188898
864,28,0.643661971831
865,16,0.528003314002
866,26,0.608906379453
867,29,0.525434962717
868,30,0.526470588235
869,27,0.583388566694
870,28,0.659693454847
871,32,0.561350455675
872,24,0.508823529412
873,27,0.513421706711
874,21,0.516777133389
875,28,0.712386081193
876,27,0.658864954432
877,33,0.66338028169
878,26,0.621251035626
879,22,0.54183927092
880,25,0.465451532726
881,26,0.583305716653
882,29,0.62033968517
883,31,0.598177299089
884,29,0.606172328086
885,28,0.649130074565
886,28,0.627589063795
887,24,0.617854183927
888,25,0.670463960232
889,31,0.496934548467
890,21,0.617481358741
891,32,0.63371996686
892,28,0.544656172328
893,32,0.579991714996
894,25,0.718268434134
895,25,0.484465617233
896,29,0.591176470588
897,28,0.571002485501
898,30,0.671830985915
899,31,0.619718309859
900,26,0.637033968517
901,31,0.566197183099
902,27,0.663214581607
903,29,0.646975973488
904,25,0.6570008285
905,29,0.575932062966
906,28,0.498425849213
907,26,0.513090306545
908,32,0.643082021541
909,28,0.597058823529
910,20,0.498881524441
911,24,0.62671913836
912,26,0.62207953604
913,31,0.50289975145
914,26,0.506793703397
915,29,0.616197183099
916,30,0.695608947804
917,25,0.564084507042
918,22,0.502775476388
919,23,0.689270919635
920,32,0.653189726595
921,28,0.69241922121
922,27,0.581110190555
923,31,0.690886495443
924,28,0.57613918807
925,34,0.600414250207
926,22,0.541714995857
927,19,0.533429991715
928,31,0.610729080365
929,33,0.491797845899
930,28,0.605882352941
931,17,0.66917978459
932,29,0.645650372825
933,29,0.538276719138
934,27,0.641963545982
935,29,0.654391052196
936,26,0.491756420878
937,24,0.616984258492
938,28,0.549585749793
939,26,0.483554266777
940,26,0.590016570008
941,24,0.53951946976
942,29,0.571955260978
943,20,0.541217895609
944,27,0.614125932063
945,24,0.62212096106
946,29,0.575062137531
947,29,0.604142502071
948,23,0.725269262635
949,22,0.603521126761
950,19,0.646437448219
951,27,0.617398508699
952,21,0.67555923778
953,24,0.592377796189
954,17,0.40753935377
955,23,0.569884009942
956,22,0.621582435791
957,25,0.610936205468
958,30,0.705633802817
959,31,0.548135874068
960,26,0.680115990058
961,26,0.639436619718
962,29,0.631648715824
963,26,0.618641259321
964,32,0.52270091135
965,30,0.584009942005
966,30,0.593082021541
967,27,0.581441590721
968,25,0.706130903065
969,25,0.575062137531
970,32,0.517522783761
971,28,0.687613918807
972,24,0.590472245236
973,28,0.585998342999
974,32,0.669552609776
975,31,0.662386081193
976,28,0.641383595692
977,31,0.518806959403
978,27,0.529577464789
979,27,0.600869925435
980,28,0.565741507871
981,27,0.574067937034
982,27,0.702112676056
983,18,0.525890637945
984,19,0.597307373654
985,21,0.647431648716
986,34,0.64710024855
987,30,0.53777961889
988,34,0.580903065452
989,25,0.503065451533
990,24,0.604598177299
991,28,0.490223695112
992,24,0.522493786247
993,29,0.584382767191
994,29,0.644324772162
995,24,0.578376139188
996,27,0.435128417564
997,31,0.634341342171
998,25,0.68661971831
999,28,0.567647058824
