,BP_ref,holeyness
0,29,0.56975973488
1,22,0.317481358741
2,31,0.523073736537
3,28,0.639809444905
4,24,0.587116818558
5,25,0.487033968517
6,29,0.639768019884
7,31,0.510729080365
8,31,0.56106048053
9,27,0.513297431649
10,30,0.499668599834
11,25,0.517522783761
12,23,0.718516984258
13,25,0.47212096106
14,27,0.651781275891
15,30,0.546561723281
16,30,0.509610604805
17,22,0.514623032312
18,19,0.614374482187
19,28,0.594531897266
20,27,0.41570008285
21,28,0.60347970174
22,22,0.534797017399
23,23,0.548218724109
24,35,0.5256006628
25,21,0.312054681027
26,27,0.579991714996
27,23,0.57386081193
28,32,0.567067108534
29,28,0.572990886495
30,29,0.59067937034
31,24,0.494117647059
32,28,0.755095277548
33,23,0.613545981773
34,31,0.650911350456
35,30,0.683637116819
36,26,0.665285832643
37,30,0.571706710853
38,25,0.534051367026
39,26,0.588649544325
40,31,0.680198840099
41,29,0.576926263463
42,33,0.634465617233
43,26,0.669718309859
44,27,0.485169842585
45,25,0.557829328915
46,32,0.670049710025
47,28,0.494490472245
48,28,0.575932062966
49,29,0.564788732394
50,22,0.556876553438
51,31,0.613048881524
52,29,0.474689312345
53,25,0.490803645402
54,25,0.608989229495
55,28,0.602816901408
56,34,0.571665285833
57,26,0.497555923778
58,29,0.564291632146
59,21,0.633802816901
60,25,0.552816901408
61,24,0.556503728252
62,25,0.607083678542
63,33,0.632021541011
64,24,0.484589892295
65,29,0.594573322287
66,29,0.600869925435
67,24,0.557746478873
68,21,0.5557995029
69,27,0.54473902237
70,26,0.636578293289
71,30,0.668144159072
72,29,0.521913835957
73,19,0.457249378625
74,26,0.535376967688
75,21,0.57618061309
76,24,0.60463960232
77,21,0.553769676885
78,30,0.583595691798
79,29,0.477671913836
80,25,0.571168185584
81,27,0.584134217067
82,30,0.615327257664
83,31,0.573985086993
84,24,0.566777133389
85,27,0.607870753935
86,25,0.632601491301
87,30,0.548135874068
88,33,0.652941176471
89,25,0.643206296603
90,30,0.558989229495
91,28,0.481193040597
92,27,0.551491300746
93,28,0.432394366197
94,29,0.56628003314
95,30,0.505550952775
96,30,0.513338856669
97,25,0.500414250207
98,22,0.579411764706
99,27,0.603811101906
100,30,0.663463131732
101,24,0.582021541011
102,30,0.573446561723
103,32,0.525393537697
104,27,0.625642087821
105,28,0.609030654515
106,26,0.530737365369
107,25,0.571333885667
108,22,0.515368682684
109,32,0.543330571665
110,30,0.608989229495
111,23,0.576553438277
112,22,0.58082021541
113,26,0.399792874896
114,24,0.602775476388
115,24,0.577961888981
116,26,0.619304059652
117,27,0.605426677713
118,27,0.592667771334
119,30,0.553935376968
120,25,0.522410936205
121,22,0.592004971002
122,24,0.51570008285
123,24,0.569469759735
124,26,0.53082021541
125,22,0.545236122618
126,29,0.610770505385
127,20,0.479411764706
128,27,0.576677713339
129,26,0.653562551781
130,32,0.618475559238
131,26,0.518475559238
132,25,0.535832642916
133,26,0.653935376968
134,29,0.487323943662
135,28,0.621043910522
136,26,0.528003314002
137,24,0.555178127589
138,29,0.529743164872
139,27,0.484258492129
140,29,0.656462303231
141,30,0.594573322287
142,28,0.659983429992
143,20,0.47671913836
144,26,0.464167357084
145,29,0.463048881524
146,22,0.57618061309
147,29,0.598550124275
148,26,0.621126760563
149,25,0.470753935377
150,32,0.530281690141
151,25,0.526346313173
152,29,0.673156586578
153,31,0.594987572494
154,29,0.515617232809
155,26,0.529536039768
156,27,0.678956089478
157,30,0.551574150787
158,24,0.566901408451
159,31,0.636992543496
160,26,0.559610604805
161,33,0.614084507042
162,26,0.496727423364
163,28,0.555882352941
164,30,0.575144987572
165,27,0.585749792875
166,26,0.499378624689
167,30,0.568931234466
168,25,0.697183098592
169,28,0.433512841756
170,28,0.509444904722
171,23,0.63082021541
172,29,0.62444076222
173,33,0.472038111019
174,30,0.668434134217
175,29,0.549378624689
176,31,0.648135874068
177,35,0.609403479702
178,25,0.691052195526
179,21,0.595070422535
180,24,0.464581607291
181,33,0.637655343828
182,27,0.600911350456
183,27,0.588069594035
184,17,0.607953603977
185,20,0.50758077879
186,26,0.765451532726
187,35,0.53956089478
188,27,0.504349627175
189,33,0.559527754764
190,25,0.633554266777
191,28,0.626304888152
192,30,0.667564208782
193,30,0.563918806959
194,26,0.514208782104
195,30,0.5685998343
196,27,0.614498757249
197,21,0.554225352113
198,29,0.586826843413
199,25,0.552775476388
200,28,0.533347141674
201,25,0.517854183927
202,26,0.617895608948
203,23,0.582021541011
204,30,0.548467274234
205,23,0.517937033969
206,20,0.50927920464
207,30,0.613214581607
208,30,0.580944490472
209,22,0.534465617233
210,27,0.569096934548
211,23,0.497970173985
212,25,0.589478044739
213,26,0.546147473074
214,29,0.51338028169
215,28,0.506006628003
216,32,0.574855012428
217,26,0.602236951118
218,29,0.658616404308
219,30,0.564457332229
220,29,0.610729080365
221,30,0.625807787904
222,28,0.52908036454
223,34,0.612551781276
224,26,0.574813587407
225,25,0.610563380282
226,24,0.553024026512
227,25,0.557290803645
228,30,0.572866611433
229,31,0.661971830986
230,31,0.606296603148
231,27,0.5429991715
232,29,0.549212924606
233,21,0.600621375311
234,33,0.623777961889
235,28,0.533471416736
236,25,0.561681855841
237,26,0.548508699254
238,23,0.599958574979
239,32,0.4314001657
240,28,0.736661143331
241,22,0.533885666943
242,23,0.455053852527
243,28,0.537033968517
244,25,0.667937033969
245,28,0.607912178956
246,26,0.600621375311
247,21,0.517564208782
248,29,0.458409279205
249,32,0.525103562552
250,20,0.513794531897
251,30,0.558947804474
252,29,0.519511184756
253,30,0.602982601491
254,27,0.587158243579
255,25,0.448425849213
256,28,0.539933719967
257,31,0.566404308202
258,27,0.468931234466
259,28,0.534548467274
260,24,0.594614747307
261,27,0.602444076222
262,25,0.60985915493
263,28,0.431648715824
264,32,0.633885666943
265,24,0.540223695112
266,20,0.560936205468
267,22,0.559942004971
268,32,0.690927920464
269,34,0.556710853355
270,26,0.567564208782
271,25,0.490803645402
272,25,0.539270919635
273,27,0.467108533554
274,25,0.470546810273
275,32,0.52381938691
276,27,0.615534382767
277,27,0.610314830157
278,29,0.769594034797
279,30,0.561433305717
280,35,0.571085335543
281,33,0.442377796189
282,26,0.631193040597
283,36,0.605343827672
284,26,0.532642916321
285,21,0.549461474731
286,31,0.572949461475
287,28,0.671830985915
288,23,0.575103562552
289,29,0.551946975973
290,28,0.550165700083
291,27,0.5256006628
292,25,0.559776304888
293,32,0.650372825186
294,27,0.599958574979
295,29,0.569386909693
296,27,0.621623860812
297,32,0.631607290804
298,33,0.642377796189
299,28,0.576346313173
300,34,0.582974316487
301,29,0.617481358741
302,26,0.600455675228
303,30,0.542957746479
304,26,0.599295774648
305,28,0.603438276719
306,26,0.52444076222
307,31,0.538111019056
308,30,0.574192212096
309,27,0.649585749793
310,21,0.533885666943
311,31,0.631317315659
312,26,0.75985915493
313,27,0.528707539354
314,26,0.519552609776
315,27,0.597017398509
316,29,0.514705882353
317,27,0.550745650373
318,28,0.603189726595
319,21,0.647928748964
320,24,0.563297431649
321,26,0.434507042254
322,32,0.600331400166
323,23,0.548053024027
324,31,0.55115990058
325,33,0.562883181442
326,25,0.432850041425
327,27,0.522618061309
328,23,0.483305716653
329,30,0.499047224524
330,24,0.432518641259
331,26,0.442543496272
332,23,0.629743164872
333,27,0.490182270091
334,30,0.50927920464
335,30,0.652029826015
336,27,0.603686826843
337,22,0.562013256007
338,28,0.639809444905
339,29,0.620505385253
340,22,0.61512013256
341,32,0.555095277548
342,24,0.625973487987
343,24,0.645733222867
344,24,0.593661971831
345,23,0.647763048882
346,22,0.58545981773
347,28,0.587448218724
348,29,0.50869925435
349,24,0.535086992543
350,31,0.508450704225
351,29,0.59304059652
352,21,0.561267605634
353,28,0.644656172328
354,32,0.675269262635
355,33,0.545318972659
356,25,0.627837613919
357,25,0.601574150787
358,25,0.639436619718
359,21,0.639229494615
360,29,0.645194697597
361,31,0.540347970174
362,28,0.480737365369
363,25,0.524067937034
364,28,0.489685169843
365,25,0.507663628832
366,26,0.549254349627
367,25,0.591466445733
368,26,0.599585749793
369,25,0.577671913836
370,26,0.499710024855
371,26,0.533761391881
372,21,0.591217895609
373,31,0.386329743165
374,24,0.502692626346
375,30,0.53256006628
376,21,0.54241922121
377,34,0.60521955261
378,35,0.543206296603
379,23,0.572286661143
380,21,0.545857497929
381,28,0.61570008285
382,26,0.563794531897
383,30,0.503562551781
384,30,0.669345484673
385,25,0.460107705054
386,28,0.479618889809
387,27,0.465658657829
388,31,0.638690969345
389,31,0.550704225352
390,28,0.646893123447
391,27,0.822452361226
392,28,0.5929991715
393,18,0.587365368683
394,25,0.509444904722
395,30,0.606338028169
396,32,0.64357912179
397,26,0.731275890638
398,24,0.489146644573
399,28,0.559693454847
400,18,0.758989229495
401,30,0.528583264292
402,32,0.563545981773
403,27,0.555012427506
404,24,0.523570836785
405,30,0.459486329743
406,22,0.564333057167
407,19,0.544904722452
408,23,0.615410107705
409,26,0.599958574979
410,36,0.63371996686
411,26,0.545733222867
412,29,0.619469759735
413,30,0.6
414,30,0.590472245236
415,29,0.643744821872
416,26,0.56743993372
417,34,0.563545981773
418,23,0.60231980116
419,31,0.504142502071
420,27,0.55231980116
421,25,0.482394366197
422,28,0.483885666943
423,23,0.534962717481
424,21,0.454971002486
425,24,0.542170671085
426,23,0.674192212096
427,23,0.609776304888
428,22,0.550082850041
429,31,0.550165700083
430,28,0.555675227838
431,26,0.5814001657
432,23,0.512054681027
433,23,0.573487986744
434,29,0.529411764706
435,30,0.610066280033
436,25,0.493537696769
437,23,0.572328086164
438,29,0.570753935377
439,32,0.524647887324
440,31,0.638111019056
441,30,0.479163214582
442,29,0.633305716653
443,22,0.551905550953
444,26,0.656089478045
445,20,0.663214581607
446,20,0.589850869925
447,31,0.548094449047
448,31,0.589395194698
449,26,0.427754763877
450,32,0.721789560895
451,28,0.501035625518
452,25,0.57381938691
453,26,0.580613090307
454,28,0.578707539354
455,30,0.575186412593
456,29,0.601822700911
457,31,0.596354598177
458,27,0.556006628003
459,25,0.537406793703
460,25,0.591549295775
461,24,0.573363711682
462,22,0.799295774648
463,23,0.5371996686
464,17,0.566735708368
465,24,0.63835956918
466,20,0.494531897266
467,24,0.571168185584
468,26,0.59304059652
469,31,0.67729908865
470,28,0.533761391881
471,28,0.543786246893
472,30,0.569345484673
473,27,0.587448218724
474,27,0.544987572494
475,29,0.574647887324
476,27,0.531814415907
477,23,0.533471416736
478,26,0.585542667771
479,26,0.562676056338
480,19,0.467978458989
481,25,0.577837613919
482,31,0.505053852527
483,24,0.588028169014
484,30,0.656876553438
485,22,0.50637945319
486,27,0.60990057995
487,25,0.541549295775
488,26,0.613711681856
489,34,0.618185584093
490,29,0.594490472245
491,26,0.583471416736
492,29,0.476097763049
493,27,0.627671913836
494,26,0.583802816901
495,30,0.558864954432
496,29,0.573736536868
497,23,0.637241093621
498,29,0.651698425849
499,27,0.396188898094
500,28,0.589478044739
501,23,0.677216238608
502,32,0.488483844242
503,25,0.602195526098
504,23,0.548715824358
505,29,0.598591549296
506,30,0.680903065452
507,31,0.603024026512
508,29,0.571748135874
509,27,0.548798674399
510,31,0.598798674399
511,22,0.528707539354
512,20,0.699585749793
513,28,0.698218724109
514,26,0.483222866611
515,31,0.481855840928
516,27,0.565410107705
517,28,0.595774647887
518,34,0.64362054681
519,19,0.906130903065
520,26,0.626594863297
521,25,0.460149130075
522,27,0.613256006628
523,22,0.401367025684
524,31,0.656255178128
525,32,0.537862468931
526,28,0.59652029826
527,25,0.455012427506
528,31,0.594283347142
529,29,0.585791217896
530,27,0.644117647059
531,23,0.576553438277
532,31,0.599171499586
533,29,0.555716652858
534,25,0.493371996686
535,23,0.635749792875
536,29,0.592750621375
537,29,0.58956089478
538,24,0.466984258492
539,17,0.546727423364
540,25,0.44241922121
541,28,0.535252692626
542,27,0.590347970174
543,22,0.556503728252
544,29,0.607912178956
545,22,0.531193040597
546,28,0.458409279205
547,30,0.485045567523
548,24,0.523073736537
549,29,0.542046396023
550,25,0.678210439105
551,23,0.623570836785
552,28,0.537531068766
553,32,0.506793703397
554,24,0.62381938691
555,24,0.537738193869
556,24,0.529618889809
557,28,0.623363711682
558,29,0.485501242751
559,28,0.611350455675
560,29,0.428790389395
561,27,0.541052195526
562,19,0.655509527755
563,25,0.599212924606
564,24,0.637075393538
565,29,0.585791217896
566,32,0.552734051367
567,25,0.657249378625
568,32,0.588483844242
569,30,0.492212096106
570,25,0.596603148302
571,30,0.526594863297
572,25,0.547970173985
573,27,0.603603976802
574,28,0.587821043911
575,26,0.541135045568
576,27,0.618516984258
577,19,0.60695940348
578,34,0.57676056338
579,29,0.507787903894
580,25,0.542833471417
581,27,0.50985915493
582,28,0.606296603148
583,32,0.59473902237
584,30,0.508782104391
585,30,0.612054681027
586,28,0.539643744822
587,29,0.549627174814
588,28,0.638649544325
589,27,0.556710853355
590,29,0.519304059652
591,25,0.609030654515
592,28,0.547390223695
593,27,0.365741507871
594,31,0.642087821044
595,21,0.551491300746
596,30,0.462966031483
597,29,0.520836785418
598,31,0.532808616404
599,21,0.620091135046
600,28,0.425766362883
601,31,0.62729908865
602,31,0.654846727423
603,25,0.55927920464
604,26,0.551284175642
605,20,0.581607290804
606,19,0.584175642088
607,29,0.654598177299
608,29,0.576097763049
609,26,0.595981772991
610,30,0.650165700083
611,22,0.635376967688
612,29,0.54478044739
613,33,0.582477216239
614,27,0.469345484673
615,35,0.538815244408
616,24,0.613421706711
617,27,0.48893951947
618,28,0.650165700083
619,25,0.565575807788
620,29,0.631897265949
621,30,0.578210439105
622,25,0.63951946976
623,32,0.572783761392
624,29,0.623943661972
625,22,0.555965202983
626,29,0.553811101906
627,26,0.539105219553
628,29,0.636992543496
629,31,0.620961060481
630,23,0.485045567523
631,30,0.570049710025
632,22,0.55753935377
633,29,0.542170671085
634,29,0.661930405965
635,18,0.567315658658
636,23,0.567895608948
637,27,0.576594863297
638,30,0.632104391052
639,25,0.52265948633
640,25,0.631234465617
641,23,0.560977630489
642,30,0.668434134217
643,30,0.590762220381
644,26,0.599627174814
645,23,0.550869925435
646,27,0.614125932063
647,24,0.518309859155
648,32,0.577961888981
649,27,0.268309859155
650,23,0.520422535211
651,29,0.523363711682
652,29,0.536205468103
653,29,0.524689312345
654,28,0.591135045568
655,31,0.556545153273
656,31,0.522825186413
657,29,0.630985915493
658,30,0.562178956089
659,23,0.671375310688
660,27,0.51801988401
661,19,0.746230323115
662,28,0.619594034797
663,32,0.607995028998
664,30,0.550745650373
665,25,0.663131731566
666,29,0.65753935377
667,33,0.626967688484
668,30,0.410604805302
669,29,0.614913007457
670,27,0.613007456504
671,27,0.452692626346
672,26,0.458077879039
673,28,0.609734879867
674,30,0.663628831814
675,25,0.655675227838
676,26,0.613463131732
677,28,0.559154929577
678,28,0.573570836785
679,27,0.478334714167
680,25,0.778956089478
681,28,0.467937033969
682,28,0.47850041425
683,30,0.58256006628
684,26,0.539685169843
685,27,0.695111847556
686,29,0.549212924606
687,25,0.575724937862
688,24,0.416031483016
689,23,0.583885666943
690,28,0.542004971002
691,25,0.640969345485
692,26,0.521789560895
693,23,0.605758077879
694,26,0.503562551781
695,27,0.584962717481
696,22,0.549461474731
697,19,0.560024855012
698,20,0.484424192212
699,26,0.609154929577
700,25,0.623985086993
701,31,0.581441590721
702,26,0.530115990058
703,24,0.606793703397
704,29,0.559569179785
705,27,0.513256006628
706,26,0.351118475559
707,30,0.521168185584
708,31,0.572535211268
709,30,0.666984258492
710,26,0.619635459818
711,30,0.720588235294
712,26,0.489975144988
713,27,0.693537696769
714,31,0.542046396023
715,28,0.569842584921
716,22,0.575973487987
717,33,0.590513670257
718,19,0.604681027341
719,25,0.57618061309
720,34,0.49826014913
721,21,0.618806959403
722,25,0.502816901408
723,29,0.620588235294
724,27,0.533429991715
725,21,0.548632974316
726,27,0.65642087821
727,27,0.577050538525
728,29,0.688028169014
729,30,0.576056338028
730,21,0.585791217896
731,32,0.608782104391
732,26,0.529038939519
733,27,0.744821872411
734,25,0.563794531897
735,26,0.450165700083
736,25,0.526594863297
737,24,0.516155758078
738,30,0.539063794532
739,26,0.612676056338
740,29,0.565202982601
741,24,0.70405965203
742,31,0.54304059652
743,27,0.596396023198
744,26,0.535128417564
745,24,0.502278376139
746,28,0.592709196355
747,23,0.584714167357
748,29,0.445733222867
749,25,0.581938690969
750,22,0.557249378625
751,24,0.543123446562
752,26,0.618516984258
753,27,0.641590720795
754,28,0.57787903894
755,27,0.45173985087
756,28,0.63603976802
757,28,0.560770505385
758,25,0.682767191384
759,24,0.482850041425
760,28,0.585542667771
761,30,0.506089478045
762,25,0.59183927092
763,18,0.576636288318
764,30,0.514995857498
765,26,0.587531068766
766,28,0.563256006628
767,31,0.655343827672
768,24,0.510936205468
769,32,0.636868268434
770,32,0.417937033969
771,24,0.596437448219
772,28,0.628666114333
773,27,0.624813587407
774,27,0.52497928749
775,28,0.570256835128
776,29,0.478831814416
777,29,0.501532725766
778,30,0.478583264292
779,26,0.618931234466
780,25,0.562924606462
781,31,0.621582435791
782,28,0.462676056338
783,26,0.458367854184
784,30,0.617647058824
785,24,0.442957746479
786,24,0.530323115162
787,23,0.613007456504
788,25,0.532187241094
789,26,0.592170671085
790,32,0.709403479702
791,27,0.553686826843
792,34,0.662551781276
793,21,0.580571665286
794,26,0.554722452361
795,29,0.626594863297
796,29,0.505012427506
797,25,0.533554266777
798,30,0.543496271748
799,26,0.615658657829
800,29,0.522493786247
801,22,0.593537696769
802,27,0.679701739851
803,31,0.62497928749
804,30,0.588483844242
805,25,0.640347970174
806,29,0.575642087821
807,26,0.623985086993
808,29,0.514415907208
809,29,0.618268434134
810,26,0.534838442419
811,29,0.62555923778
812,28,0.597597348799
813,20,0.523695111848
814,30,0.704598177299
815,31,0.634838442419
816,30,0.621251035626
817,28,0.649627174814
818,25,0.589229494615
819,28,0.551946975973
820,26,0.597307373654
821,21,0.528831814416
822,30,0.431607290804
823,27,0.531938690969
824,27,0.599792874896
825,29,0.567522783761
826,27,0.553231151616
827,23,0.449544324772
828,31,0.577009113505
829,30,0.677961888981
830,30,0.652112676056
831,27,0.631855840928
832,30,0.536412593206
833,23,0.545318972659
834,28,0.549544324772
835,28,0.594946147473
836,24,0.609444904722
837,27,0.552734051367
838,31,0.610314830157
839,27,0.551367025684
840,27,0.542667771334
841,21,0.53898094449
842,21,0.550994200497
843,28,0.530364540182
844,30,0.514001657001
845,29,0.575890637945
846,26,0.601367025684
847,21,0.452858326429
848,27,0.625849212925
849,25,0.550082850041
850,25,0.474067937034
851,30,0.633388566694
852,28,0.682684341342
853,27,0.583347141674
854,20,0.64536039768
855,31,0.689975144988
856,32,0.610356255178
857,27,0.654515327258
858,25,0.57618061309
859,30,0.611557580779
860,30,0.535211267606
861,23,0.50347970174
862,26,0.542087821044
863,27,0.586122618061
864,20,0.618765534383
865,27,0.584341342171
866,26,0.492212096106
867,27,0.635335542668
868,27,0.604391052196
869,23,0.563007456504
870,31,0.539395194698
871,24,0.555053852527
872,24,0.4743993372
873,28,0.635335542668
874,29,0.593869096935
875,31,0.612013256007
876,31,0.563877381939
877,27,0.452402651201
878,24,0.592087821044
879,25,0.50758077879
880,24,0.517688483844
881,30,0.581938690969
882,35,0.574855012428
883,25,0.573405136703
884,26,0.515368682684
885,27,0.64130074565
886,26,0.547597348799
887,28,0.540845070423
888,26,0.552236951118
889,26,0.659362054681
890,23,0.598384424192
891,21,0.598715824358
892,23,0.590555095278
893,29,0.551367025684
894,31,0.552941176471
895,28,0.659403479702
896,20,0.591632145816
897,28,0.54357912179
898,25,0.563463131732
899,26,0.468889809445
900,30,0.555592377796
901,33,0.467564208782
902,27,0.570712510356
903,24,0.421955260978
904,24,0.506793703397
905,32,0.547970173985
906,30,0.57671913836
907,30,0.560231980116
908,26,0.627381938691
909,32,0.546851698426
910,26,0.568682684341
911,26,0.561309030655
912,29,0.603521126761
913,26,0.605592377796
914,27,0.590057995029
915,29,0.580115990058
916,30,0.530281690141
917,30,0.551532725766
918,24,0.538276719138
919,27,0.582642916321
920,23,0.572908036454
921,26,0.619055509528
922,33,0.596644573322
923,24,0.687821043911
924,22,0.471251035626
925,26,0.641217895609
926,30,0.572908036454
927,26,0.567647058824
928,22,0.544946147473
929,28,0.598715824358
930,30,0.565410107705
931,31,0.550124275062
932,26,0.486661143331
933,21,0.565327257664
934,23,0.556752278376
935,28,0.603272576636
936,19,0.472410936205
937,25,0.649088649544
938,25,0.497307373654
939,26,0.602775476388
940,28,0.592543496272
941,20,0.612634631317
942,20,0.507456503728
943,28,0.624855012428
944,30,0.627506213753
945,25,0.527174813587
946,23,0.509196354598
947,24,0.567232808616
948,22,0.693786246893
949,28,0.544863297432
950,29,0.482518641259
951,28,0.58256006628
952,28,0.562966031483
953,26,0.51743993372
954,30,0.756503728252
955,24,0.543082021541
956,32,0.621872410936
957,30,0.700994200497
958,27,0.519842584921
959,21,0.596603148302
960,23,0.554929577465
961,31,0.480074565037
962,26,0.654722452361
963,30,0.588898094449
964,31,0.606338028169
965,21,0.770629660315
966,32,0.626263463132
967,31,0.63024026512
968,22,0.591135045568
969,27,0.565575807788
970,28,0.643454846727
971,31,0.624896437448
972,25,0.584507042254
973,24,0.536536868268
974,26,0.585666942833
975,28,0.565741507871
976,27,0.621085335543
977,30,0.557953603977
978,26,0.573902236951
979,31,0.576014913007
980,24,0.468558409279
981,28,0.450704225352
982,29,0.575517812759
983,26,0.485749792875
984,27,0.532974316487
985,26,0.539478044739
986,19,0.487033968517
987,29,0.587572493786
988,27,0.58256006628
989,29,0.499378624689
990,27,0.593454846727
991,26,0.612841756421
992,29,0.591590720795
993,25,0.580115990058
994,21,0.546188898094
995,31,0.548094449047
996,30,0.544076222038
997,27,0.461681855841
998,27,0.600952775476
999,30,0.524855012428
